{"producer":{"name":"Blender","version":"2.77 (sub 0)","exporter_version":"4.4.3","file":"thief.babylon"},
"autoClear":true,"clearColor":[0.0509,0.0509,0.0509],"ambientColor":[0,0,0],"gravity":[0,-9.81,0],
"materials":[{"name":"thief.Metal_Dark_Gold","id":"thief.Metal_Dark_Gold","ambient":[0,0,0],"diffuse":[0.8784,0.6078,0.3176],"specular":[1.2824,1.1471,0.9765],"emissive":[0,0,0],"specularPower":11,"alpha":1,"backFaceCulling":true,"checkReadyOnlyOnce":false},
{"name":"thief.Metal_Chrome","id":"thief.Metal_Chrome","ambient":[0,0,0],"diffuse":[0.902,0.902,0.902],"specular":[1.35,1.35,1.35],"emissive":[0,0,0],"specularPower":11,"alpha":1,"backFaceCulling":true,"checkReadyOnlyOnce":false},
{"name":"thief.handgrip","id":"thief.handgrip","ambient":[0.346,0.346,0.346],"diffuse":[0.5882,0.5882,0.5882],"specular":[0,0,0],"emissive":[0,0,0],"specularPower":6,"alpha":1,"backFaceCulling":true,"checkReadyOnlyOnce":false, 
"diffuseTexture":{"name":"handgrip_color.jpg","level":1,"hasAlpha":1,"coordinatesMode":0,"uOffset":0,"vOffset":0,"uScale":1,"vScale":1,"uAng":0,"vAng":0,"wAng":0,"wrapU":1,"wrapV":1,"coordinatesIndex":0}},
{"name":"thief.high.obj_Default","id":"thief.high.obj_Default","ambient":[0,0,0],"diffuse":[0.8104,0.8104,0.8104],"specular":[0,0,0],"emissive":[0,0,0],"specularPower":51,"alpha":1,"backFaceCulling":true,"checkReadyOnlyOnce":false, 
"diffuseTexture":{"name":"k_textures.png","level":1,"hasAlpha":1,"coordinatesMode":0,"uOffset":0,"vOffset":0,"uScale":1,"vScale":1,"uAng":0,"vAng":0,"wAng":0,"wrapU":1,"wrapV":1,"coordinatesIndex":0}}],
"multiMaterials":[{"name":"thief.Multimaterial#0","id":"thief.Multimaterial#0","materials":["thief.Metal_Dark_Gold","thief.Metal_Chrome","thief.handgrip","thief.high.obj_Default"]}],
"skeletons":[{"name":"Armature","id":0,"bones":[
{"name":"stomach","index":0,"matrix":[0.4947,0,0,0,0,0.49,-0.0684,0,0,-0.0684,-0.49,0,-0.0258,1.1273,-0.0307,1],"rest":[0.4947,0,0,0,0,0.49,-0.0684,0,0,-0.0684,-0.49,0,-0.0258,1.1273,-0.0307,1],"parentBoneIndex":-1,"length":1.0097
,"animation":{"dataType":3,"framePerSecond":24,"keys":[
{"frame":9,"values":[0.4947,0,0,0,0,0.49,-0.0684,0,0,-0.0684,-0.49,0,-0.0258,1.1273,-0.0307,1]},
{"frame":10,"values":[0.4947,0.0003,0.0001,0,-0.0003,0.49,-0.0684,0,0.0001,-0.0684,-0.49,0,-0.026,1.125,-0.0307,1]},
{"frame":11,"values":[0.4947,0.0011,0.0002,0,-0.0011,0.49,-0.0684,0,0.0004,-0.0684,-0.49,0,-0.0267,1.1184,-0.0307,1]},
{"frame":12,"values":[0.4947,0.0024,0.0005,0,-0.0023,0.49,-0.0684,0,0.0008,-0.0684,-0.49,0,-0.0278,1.1081,-0.0307,1]},
{"frame":13,"values":[0.4947,0.004,0.0008,0,-0.0039,0.49,-0.0684,0,0.0013,-0.0684,-0.49,0,-0.0291,1.0954,-0.0306,1]},
{"frame":14,"values":[0.4947,0.0056,0.0011,0,-0.0054,0.49,-0.0683,0,0.0018,-0.0683,-0.49,0,-0.0305,1.0828,-0.0306,1]},
{"frame":15,"values":[0.4947,0.0069,0.0013,0,-0.0066,0.49,-0.0683,0,0.0023,-0.0683,-0.49,0,-0.0316,1.0724,-0.0306,1]},
{"frame":16,"values":[0.4947,0.0077,0.0015,0,-0.0074,0.49,-0.0683,0,0.0025,-0.0683,-0.49,0,-0.0322,1.0658,-0.0306,1]},
{"frame":17,"values":[0.4947,0.008,0.0015,0,-0.0077,0.49,-0.0683,0,0.0026,-0.0683,-0.49,0,-0.0325,1.0636,-0.0306,1]},
{"frame":18,"values":[0.4947,0.008,0.0015,0,-0.0077,0.49,-0.0683,0,0.0026,-0.0683,-0.49,0,-0.0325,1.0649,-0.0306,1]},
{"frame":19,"values":[0.4947,0.008,0.0015,0,-0.0077,0.49,-0.0683,0,0.0026,-0.0683,-0.49,0,-0.0325,1.0689,-0.0306,1]},
{"frame":20,"values":[0.4947,0.008,0.0015,0,-0.0077,0.49,-0.0683,0,0.0026,-0.0683,-0.49,0,-0.0325,1.0752,-0.0306,1]},
{"frame":21,"values":[0.4947,0.008,0.0015,0,-0.0077,0.49,-0.0683,0,0.0026,-0.0683,-0.49,0,-0.0325,1.0828,-0.0306,1]},
{"frame":22,"values":[0.4947,0.008,0.0015,0,-0.0077,0.49,-0.0683,0,0.0026,-0.0683,-0.49,0,-0.0325,1.0905,-0.0306,1]},
{"frame":23,"values":[0.4947,0.008,0.0015,0,-0.0077,0.49,-0.0683,0,0.0026,-0.0683,-0.49,0,-0.0325,1.0968,-0.0306,1]},
{"frame":24,"values":[0.4947,0.008,0.0015,0,-0.0077,0.49,-0.0683,0,0.0026,-0.0683,-0.49,0,-0.0325,1.1007,-0.0306,1]},
{"frame":25,"values":[0.4947,0.008,0.0015,0,-0.0077,0.49,-0.0683,0,0.0026,-0.0683,-0.49,0,-0.0325,1.1021,-0.0306,1]},
{"frame":26,"values":[0.4947,0.0074,0.0014,0,-0.0072,0.49,-0.0683,0,0.0024,-0.0683,-0.49,0,-0.032,1.1007,-0.0306,1]},
{"frame":27,"values":[0.4947,0.0058,0.0011,0,-0.0056,0.49,-0.0683,0,0.0019,-0.0683,-0.49,0,-0.0306,1.0968,-0.0306,1]},
{"frame":28,"values":[0.4947,0.0032,0.0006,0,-0.0031,0.49,-0.0683,0,0.001,-0.0683,-0.49,0,-0.0285,1.0905,-0.0306,1]},
{"frame":29,"values":[0.4947,0,0,0,0,0.49,-0.0683,0,0,-0.0683,-0.49,0,-0.0258,1.0828,-0.0306,1]},
{"frame":30,"values":[0.4947,-0.0032,-0.0006,0,0.0031,0.49,-0.0683,0,-0.001,-0.0683,-0.49,0,-0.0232,1.0752,-0.0306,1]},
{"frame":31,"values":[0.4947,-0.0058,-0.0011,0,0.0056,0.49,-0.0683,0,-0.0019,-0.0683,-0.49,0,-0.021,1.0689,-0.0306,1]},
{"frame":32,"values":[0.4947,-0.0074,-0.0014,0,0.0072,0.49,-0.0683,0,-0.0024,-0.0683,-0.49,0,-0.0196,1.0649,-0.0306,1]},
{"frame":33,"values":[0.4947,-0.008,-0.0015,0,0.0077,0.49,-0.0683,0,-0.0026,-0.0683,-0.49,0,-0.0192,1.0636,-0.0306,1]},
{"frame":34,"values":[0.4947,-0.008,-0.0015,0,0.0077,0.49,-0.0683,0,-0.0026,-0.0683,-0.49,0,-0.0192,1.0653,-0.0306,1]},
{"frame":35,"values":[0.4947,-0.008,-0.0015,0,0.0077,0.49,-0.0683,0,-0.0026,-0.0683,-0.49,0,-0.0192,1.0705,-0.0306,1]},
{"frame":36,"values":[0.4947,-0.008,-0.0015,0,0.0077,0.49,-0.0683,0,-0.0026,-0.0683,-0.49,0,-0.0192,1.0783,-0.0306,1]},
{"frame":37,"values":[0.4947,-0.008,-0.0015,0,0.0077,0.49,-0.0683,0,-0.0026,-0.0683,-0.49,0,-0.0192,1.0873,-0.0306,1]},
{"frame":38,"values":[0.4947,-0.008,-0.0015,0,0.0077,0.49,-0.0683,0,-0.0026,-0.0683,-0.49,0,-0.0192,1.0952,-0.0306,1]},
{"frame":39,"values":[0.4947,-0.008,-0.0015,0,0.0077,0.49,-0.0683,0,-0.0026,-0.0683,-0.49,0,-0.0192,1.1003,-0.0306,1]},
{"frame":40,"values":[0.4947,-0.008,-0.0015,0,0.0077,0.49,-0.0683,0,-0.0026,-0.0683,-0.49,0,-0.0192,1.1021,-0.0306,1]},
{"frame":41,"values":[0.4947,-0.0074,-0.0014,0,0.0072,0.49,-0.0683,0,-0.0024,-0.0683,-0.49,0,-0.0196,1.1019,-0.0306,1]},
{"frame":42,"values":[0.4947,-0.0058,-0.0011,0,0.0056,0.49,-0.0683,0,-0.0019,-0.0683,-0.49,0,-0.021,1.1012,-0.0306,1]},
{"frame":43,"values":[0.4947,-0.0032,-0.0006,0,0.0031,0.49,-0.0683,0,-0.001,-0.0683,-0.49,0,-0.0232,1.0994,-0.0306,1]},
{"frame":44,"values":[0.4947,0,0,0,0,0.49,-0.0683,0,0,-0.0683,-0.49,0,-0.0258,1.0961,-0.0306,1]},
{"frame":45,"values":[0.4947,0.0032,0.0006,0,-0.0031,0.49,-0.0683,0,0.001,-0.0683,-0.49,0,-0.0285,1.0908,-0.0306,1]},
{"frame":46,"values":[0.4947,0.0058,0.0011,0,-0.0056,0.49,-0.0683,0,0.0019,-0.0683,-0.49,0,-0.0306,1.0835,-0.0306,1]},
{"frame":47,"values":[0.4947,0.0074,0.0014,0,-0.0072,0.49,-0.0683,0,0.0024,-0.0683,-0.49,0,-0.032,1.0743,-0.0306,1]},
{"frame":48,"values":[0.4947,0.008,0.0015,0,-0.0077,0.49,-0.0683,0,0.0026,-0.0683,-0.49,0,-0.0325,1.0636,-0.0306,1]},
{"frame":49,"values":[0.4947,0.0078,0.0015,0,-0.0075,0.49,-0.0683,0,0.0025,-0.0683,-0.49,0,-0.0323,1.0495,-0.0306,1]},
{"frame":50,"values":[0.4947,0.0071,0.0014,0,-0.0069,0.49,-0.0683,0,0.0023,-0.0683,-0.49,0,-0.0317,1.0304,-0.0306,1]},
{"frame":51,"values":[0.4947,0.0061,0.0012,0,-0.0058,0.49,-0.0683,0,0.002,-0.0683,-0.49,0,-0.0309,1.007,-0.0306,1]},
{"frame":52,"values":[0.4947,0.0047,0.0009,0,-0.0046,0.49,-0.0683,0,0.0015,-0.0683,-0.49,0,-0.0297,0.9811,-0.0306,1]},
{"frame":53,"values":[0.4947,0.0033,0.0006,0,-0.0032,0.49,-0.0684,0,0.0011,-0.0684,-0.49,0,-0.0285,0.9556,-0.0307,1]},
{"frame":54,"values":[0.4947,0.0019,0.0004,0,-0.0019,0.49,-0.0684,0,0.0006,-0.0684,-0.49,0,-0.0274,0.9331,-0.0307,1]},
{"frame":55,"values":[0.4947,0.0009,0.0002,0,-0.0008,0.49,-0.0684,0,0.0003,-0.0684,-0.49,0,-0.0265,0.9162,-0.0307,1]},
{"frame":56,"values":[0.4947,0.0002,0,0,-0.0002,0.49,-0.0684,0,0.0001,-0.0684,-0.49,0,-0.026,0.906,-0.0307,1]},
{"frame":57,"values":[0.4947,0,0,0,0,0.49,-0.0684,0,0,-0.0684,-0.49,0,-0.0258,0.9026,-0.0307,1]},
{"frame":58,"values":[0.4947,0,0,0,0,0.49,-0.0684,0,0,-0.0684,-0.49,0,-0.0258,0.9253,-0.0295,1]},
{"frame":59,"values":[0.4947,0,0,0,0,0.49,-0.0684,0,0,-0.0684,-0.49,0,-0.0258,0.9932,-0.0261,1]},
{"frame":60,"values":[0.4947,0,0,0,0,0.49,-0.0684,0,0,-0.0684,-0.49,0,-0.0258,1.1,-0.0207,1]},
{"frame":61,"values":[0.4947,0,0,0,0,0.49,-0.0684,0,0,-0.0684,-0.49,0,-0.0258,1.2301,-0.0141,1]},
{"frame":62,"values":[0.4947,0,0,0,0,0.49,-0.0684,0,0,-0.0684,-0.49,0,-0.0258,1.3601,-0.0075,1]},
{"frame":63,"values":[0.4947,0,0,0,0,0.49,-0.0684,0,0,-0.0684,-0.49,0,-0.0258,1.4669,-0.002,1]},
{"frame":64,"values":[0.4947,0,0,0,0,0.49,-0.0684,0,0,-0.0684,-0.49,0,-0.0258,1.5348,0.0014,1]},
{"frame":65,"values":[0.4947,0,0,0,0,0.49,-0.0684,0,0,-0.0684,-0.49,0,-0.0258,1.5575,0.0025,1]},
{"frame":66,"values":[0.4947,0.0006,0.0013,0,-0.0004,0.4891,-0.0743,0,0.0013,-0.0743,-0.4891,0,-0.0258,1.5292,0.0028,1]},
{"frame":67,"values":[0.4947,0.0023,0.0049,0,-0.0014,0.4862,-0.0915,0,0.0053,-0.0915,-0.4862,0,-0.0258,1.4456,0.0034,1]},
{"frame":68,"values":[0.4946,0.0052,0.0104,0,-0.0026,0.4806,-0.1176,0,0.0114,-0.1175,-0.4805,0,-0.0258,1.3182,0.0042,1]},
{"frame":69,"values":[0.4944,0.0089,0.0165,0,-0.0036,0.4725,-0.1468,0,0.0184,-0.1465,-0.4722,0,-0.0258,1.1736,0.0048,1]},
{"frame":70,"values":[0.4941,0.0124,0.0216,0,-0.0042,0.4639,-0.172,0,0.0246,-0.1716,-0.4634,0,-0.0258,1.046,0.0049,1]},
{"frame":71,"values":[0.4939,0.0149,0.0249,0,-0.0043,0.4575,-0.1883,0,0.0287,-0.1878,-0.4568,0,-0.0258,0.9622,0.0042,1]},
{"frame":72,"values":[0.4938,0.0158,0.0259,0,-0.0043,0.4552,-0.1938,0,0.03,-0.1932,-0.4545,0,-0.0258,0.9337,0.0026,1]},
{"frame":73,"values":[0.4939,0.0151,0.0251,0,-0.0043,0.457,-0.1896,0,0.029,-0.1891,-0.4563,0,-0.0258,0.9401,-0.0002,1]},
{"frame":74,"values":[0.4941,0.0132,0.0226,0,-0.0042,0.462,-0.1771,0,0.0258,-0.1766,-0.4614,0,-0.0258,0.9601,-0.0045,1]},
{"frame":75,"values":[0.4943,0.0103,0.0186,0,-0.0039,0.4691,-0.157,0,0.0209,-0.1568,-0.4688,0,-0.0258,0.9916,-0.0102,1]},
{"frame":76,"values":[0.4945,0.007,0.0135,0,-0.0032,0.4767,-0.1322,0,0.0149,-0.1321,-0.4766,0,-0.0258,1.0301,-0.0164,1]},
{"frame":77,"values":[0.4947,0.004,0.0082,0,-0.0021,0.483,-0.1071,0,0.0089,-0.107,-0.483,0,-0.0258,1.0687,-0.0222,1]},
{"frame":78,"values":[0.4947,0.0018,0.0038,0,-0.0011,0.4872,-0.0862,0,0.0041,-0.0862,-0.4872,0,-0.0258,1.1004,-0.0269,1]},
{"frame":79,"values":[0.4947,0.0004,0.001,0,-0.0003,0.4893,-0.0729,0,0.001,-0.0729,-0.4893,0,-0.0258,1.1205,-0.0298,1]}],"loopBehavior":1,"name":"anim","property":"_matrix"}},
{"name":"chest","index":1,"matrix":[0.9853,-0.015,0.1704,0,0.0293,0.9962,-0.0819,0,-0.1686,0.0857,0.982,0,0,1.0097,0,1],"rest":[1,0,0,0,0,0.9809,-0.1946,0,0,0.1946,0.9809,0,0,1.0097,0,1],"parentBoneIndex":0,"length":1.2236
,"animation":{"dataType":3,"framePerSecond":24,"keys":[
{"frame":9,"values":[0.9853,-0.015,0.1704,0,0.0293,0.9962,-0.0819,0,-0.1686,0.0857,0.982,0,0,1.0097,0,1]},
{"frame":49,"values":[0.9854,-0.0141,0.1696,0,0.0268,0.997,-0.0729,0,-0.168,0.0764,0.9828,0,0,1.0097,0,1]},
{"frame":50,"values":[0.9859,-0.0114,0.1669,0,0.0193,0.9988,-0.0458,0,-0.1662,0.0483,0.9849,0,0,1.0097,0,1]},
{"frame":51,"values":[0.9866,-0.0067,0.1628,0,0.0071,1,-0.002,0,-0.1628,0.0031,0.9867,0,0,1.0097,0,1]},
{"frame":52,"values":[0.9875,-0.0003,0.1578,0,-0.0083,0.9985,0.054,0,-0.1576,-0.0546,0.986,0,0,1.0097,0,1]},
{"frame":53,"values":[0.9882,0.0073,0.1527,0,-0.025,0.9931,0.1142,0,-0.1509,-0.1167,0.9816,0,0,1.0097,0,1]},
{"frame":54,"values":[0.9888,0.0151,0.1484,0,-0.0405,0.9847,0.1696,0,-0.1435,-0.1737,0.9743,0,0,1.0097,0,1]},
{"frame":55,"values":[0.9892,0.0222,0.1451,0,-0.0531,0.9757,0.2127,0,-0.1368,-0.2181,0.9663,0,0,1.0097,0,1]},
{"frame":56,"values":[0.9893,0.0278,0.143,0,-0.0618,0.969,0.2392,0,-0.132,-0.2455,0.9604,0,0,1.0097,0,1]},
{"frame":57,"values":[0.9894,0.0315,0.1421,0,-0.0664,0.9665,0.2479,0,-0.1295,-0.2547,0.9583,0,0,1.0097,0,1]},
{"frame":58,"values":[0.9893,0.0345,0.1416,0,-0.0686,0.9676,0.2432,0,-0.1287,-0.2503,0.9596,0,0,1.0097,0,1]},
{"frame":59,"values":[0.9893,0.0377,0.1412,0,-0.0697,0.9708,0.2294,0,-0.1284,-0.2368,0.963,0,0,1.0097,0,1]},
{"frame":60,"values":[0.9892,0.041,0.1407,0,-0.07,0.9757,0.2078,0,-0.1288,-0.2154,0.968,0,0,1.0097,0,1]},
{"frame":61,"values":[0.9892,0.044,0.1401,0,-0.0693,0.981,0.1814,0,-0.1295,-0.1891,0.9734,0,0,1.0097,0,1]},
{"frame":62,"values":[0.9891,0.0466,0.1395,0,-0.0682,0.9856,0.1549,0,-0.1303,-0.1627,0.978,0,0,1.0097,0,1]},
{"frame":63,"values":[0.9891,0.0484,0.1388,0,-0.0671,0.9888,0.133,0,-0.1308,-0.1409,0.9813,0,0,1.0097,0,1]},
{"frame":64,"values":[0.9892,0.0495,0.1382,0,-0.0662,0.9907,0.1191,0,-0.131,-0.127,0.9832,0,0,1.0097,0,1]},
{"frame":65,"values":[0.9892,0.0498,0.1376,0,-0.0658,0.9912,0.1145,0,-0.1307,-0.1223,0.9838,0,0,1.0097,0,1]},
{"frame":66,"values":[0.9908,0.0471,0.1267,0,-0.0627,0.9905,0.1225,0,-0.1197,-0.1293,0.9843,0,0,1.0097,0,1]},
{"frame":67,"values":[0.9947,0.0393,0.0952,0,-0.053,0.9879,0.1459,0,-0.0883,-0.1502,0.9847,0,0,1.0097,0,1]},
{"frame":68,"values":[0.9985,0.0283,0.0469,0,-0.0363,0.9828,0.1809,0,-0.041,-0.1823,0.9824,0,0,1.0097,0,1]},
{"frame":69,"values":[0.9998,0.0169,-0.0083,0,-0.0146,0.9755,0.2193,0,0.0118,-0.2191,0.9756,0,0,1.0097,0,1]},
{"frame":70,"values":[0.9983,0.0071,-0.0572,0,0.0076,0.9678,0.2518,0,0.0572,-0.2518,0.9661,0,0,1.0097,0,1]},
{"frame":71,"values":[0.996,-0.0007,-0.0894,0,0.0251,0.9619,0.2722,0,0.0858,-0.2734,0.9581,0,0,1.0097,0,1]},
{"frame":72,"values":[0.9949,-0.007,-0.1005,0,0.0349,0.9597,0.2788,0,0.0945,-0.2808,0.9551,0,0,1.0097,0,1]},
{"frame":73,"values":[0.9957,-0.0136,-0.0915,0,0.0377,0.9631,0.2666,0,0.0845,-0.2689,0.9595,0,0,1.0097,0,1]},
{"frame":74,"values":[0.9977,-0.0214,-0.0638,0,0.0356,0.9725,0.2304,0,0.0571,-0.2321,0.971,0,0,1.0097,0,1]},
{"frame":75,"values":[0.9994,-0.0279,-0.0194,0,0.0308,0.9846,0.1724,0,0.0143,-0.1729,0.9848,0,0,1.0097,0,1]},
{"frame":76,"values":[0.9989,-0.0303,0.0353,0,0.0267,0.9946,0.1004,0,-0.0381,-0.0994,0.9943,0,0,1.0097,0,1]},
{"frame":77,"values":[0.9956,-0.0277,0.0897,0,0.0253,0.9993,0.0278,0,-0.0904,-0.0254,0.9956,0,0,1.0097,0,1]},
{"frame":78,"values":[0.9908,-0.0221,0.1338,0,0.0266,0.9991,-0.0318,0,-0.133,0.0351,0.9905,0,0,1.0097,0,1]},
{"frame":79,"values":[0.9868,-0.017,0.1613,0,0.0285,0.9972,-0.0694,0,-0.1597,0.0731,0.9845,0,0,1.0097,0,1]}],"loopBehavior":1,"name":"anim","property":"_matrix"}},
{"name":"head","index":2,"matrix":[0.9898,-0.0343,-0.1385,0,0.0493,0.9931,0.1067,0,0.1339,-0.1124,0.9846,0,0,1.2236,0,1],"rest":[1,0,0,0,0,0.9861,0.166,0,0,-0.166,0.9861,0,0,1.2236,0,1],"parentBoneIndex":1,"length":1.2758
,"animation":{"dataType":3,"framePerSecond":24,"keys":[
{"frame":9,"values":[0.9898,-0.0343,-0.1385,0,0.0493,0.9931,0.1067,0,0.1339,-0.1124,0.9846,0,0,1.2236,0,1]},
{"frame":49,"values":[0.9899,-0.0338,-0.1379,0,0.0486,0.9933,0.1048,0,0.1334,-0.1104,0.9849,0,0,1.2236,0,1]},
{"frame":50,"values":[0.9902,-0.0325,-0.1357,0,0.0462,0.994,0.0991,0,0.1317,-0.1044,0.9858,0,0,1.2236,0,1]},
{"frame":51,"values":[0.9908,-0.0301,-0.1322,0,0.0422,0.9951,0.0897,0,0.1288,-0.0944,0.9872,0,0,1.2236,0,1]},
{"frame":52,"values":[0.9915,-0.0269,-0.1272,0,0.0368,0.9964,0.0765,0,0.1247,-0.0805,0.9889,0,0,1.2236,0,1]},
{"frame":53,"values":[0.9924,-0.0226,-0.1209,0,0.0301,0.9978,0.0598,0,0.1192,-0.063,0.9909,0,0,1.2236,0,1]},
{"frame":54,"values":[0.9934,-0.0176,-0.1134,0,0.0222,0.9989,0.0401,0,0.1126,-0.0423,0.9927,0,0,1.2236,0,1]},
{"frame":55,"values":[0.9944,-0.0117,-0.1049,0,0.0136,0.9997,0.018,0,0.1047,-0.0193,0.9943,0,0,1.2236,0,1]},
{"frame":56,"values":[0.9954,-0.0052,-0.0957,0,0.0047,1,-0.0057,0,0.0958,0.0053,0.9954,0,0,1.2236,0,1]},
{"frame":57,"values":[0.9963,0.0015,-0.0862,0,-0.0042,0.9995,-0.03,0,0.0861,0.0303,0.9958,0,0,1.2236,0,1]},
{"frame":58,"values":[0.997,0.0084,-0.0765,0,-0.0126,0.9985,-0.0539,0,0.076,0.0547,0.9956,0,0,1.2236,0,1]},
{"frame":59,"values":[0.9976,0.015,-0.0671,0,-0.0201,0.9969,-0.0763,0,0.0658,0.0775,0.9948,0,0,1.2236,0,1]},
{"frame":60,"values":[0.9981,0.0211,-0.0581,0,-0.0266,0.995,-0.0964,0,0.0558,0.0977,0.9936,0,0,1.2236,0,1]},
{"frame":61,"values":[0.9984,0.0264,-0.0497,0,-0.0319,0.993,-0.1134,0,0.0464,0.1148,0.9923,0,0,1.2236,0,1]},
{"frame":62,"values":[0.9986,0.0306,-0.042,0,-0.0358,0.9913,-0.127,0,0.0378,0.1283,0.991,0,0,1.2236,0,1]},
{"frame":63,"values":[0.9988,0.0338,-0.0352,0,-0.0383,0.9899,-0.1368,0,0.0302,0.138,0.99,0,0,1.2236,0,1]},
{"frame":64,"values":[0.9989,0.0356,-0.0291,0,-0.0394,0.989,-0.1428,0,0.0237,0.1438,0.9893,0,0,1.2236,0,1]},
{"frame":65,"values":[0.9991,0.0362,-0.0239,0,-0.0393,0.9887,-0.1448,0,0.0184,0.1456,0.9892,0,0,1.2236,0,1]},
{"frame":66,"values":[0.9992,0.034,-0.0189,0,-0.0362,0.9908,-0.1306,0,0.0143,0.1312,0.9912,0,0,1.2236,0,1]},
{"frame":67,"values":[0.9995,0.0271,-0.0136,0,-0.0282,0.9957,-0.0883,0,0.0112,0.0887,0.996,0,0,1.2236,0,1]},
{"frame":68,"values":[0.9998,0.0159,-0.0091,0,-0.0161,0.9996,-0.0233,0,0.0087,0.0235,0.9997,0,0,1.2236,0,1]},
{"frame":69,"values":[1,0.002,-0.0064,0,-0.0017,0.9987,0.0507,0,0.0065,-0.0507,0.9987,0,0,1.2236,0,1]},
{"frame":70,"values":[0.9999,-0.0118,-0.0056,0,0.0123,0.9932,0.1156,0,0.0042,-0.1157,0.9933,0,0,1.2236,0,1]},
{"frame":71,"values":[0.9997,-0.0232,-0.0063,0,0.0239,0.9872,0.1579,0,0.0025,-0.158,0.9874,0,0,1.2236,0,1]},
{"frame":72,"values":[0.9995,-0.0311,-0.0074,0,0.0319,0.9846,0.1721,0,0.0019,-0.1722,0.9851,0,0,1.2236,0,1]},
{"frame":73,"values":[0.9993,-0.0361,-0.0128,0,0.0378,0.9848,0.1698,0,0.0064,-0.1702,0.9854,0,0,1.2236,0,1]},
{"frame":74,"values":[0.9989,-0.0389,-0.0269,0,0.0428,0.9857,0.1631,0,0.0201,-0.164,0.9862,0,0,1.2236,0,1]},
{"frame":75,"values":[0.998,-0.0396,-0.0484,0,0.0466,0.9872,0.1524,0,0.0417,-0.1544,0.9871,0,0,1.2236,0,1]},
{"frame":76,"values":[0.9965,-0.0389,-0.0742,0,0.049,0.989,0.1394,0,0.068,-0.1426,0.9874,0,0,1.2236,0,1]},
{"frame":77,"values":[0.9943,-0.0373,-0.0999,0,0.0499,0.9907,0.1264,0,0.0943,-0.1307,0.9869,0,0,1.2236,0,1]},
{"frame":78,"values":[0.992,-0.0358,-0.1209,0,0.0499,0.992,0.1157,0,0.1158,-0.1208,0.9859,0,0,1.2236,0,1]},
{"frame":79,"values":[0.9904,-0.0347,-0.1341,0,0.0495,0.9928,0.1089,0,0.1294,-0.1145,0.985,0,0,1.2236,0,1]}],"loopBehavior":1,"name":"anim","property":"_matrix"}},
{"name":"L.elbow","index":3,"matrix":[0.4947,0,0,0,0,0.4947,0,0,0,0,-0.4947,0,0.6225,1.2943,-0.614,1],"rest":[0.4947,0,0,0,0,0.4947,0,0,0,0,-0.4947,0,0.7611,1.6873,-0.614,1],"parentBoneIndex":-1,"length":0.7635
,"animation":{"dataType":3,"framePerSecond":24,"keys":[
{"frame":9,"values":[0.4947,0,0,0,0,0.4947,0,0,0,0,-0.4947,0,0.6225,1.2943,-0.614,1]},
{"frame":10,"values":[0.4947,0.0003,0.0001,0,-0.0003,0.4947,0,0,0.0001,0,-0.4947,0,0.6222,1.288,-0.6144,1]},
{"frame":11,"values":[0.4947,0.0011,0.0002,0,-0.0011,0.4947,0,0,0.0002,0,-0.4947,0,0.6214,1.2692,-0.6157,1]},
{"frame":12,"values":[0.4947,0.0024,0.0005,0,-0.0024,0.4947,0,0,0.0005,0,-0.4947,0,0.6202,1.2395,-0.6177,1]},
{"frame":13,"values":[0.4947,0.004,0.0008,0,-0.004,0.4947,0,0,0.0008,0.0001,-0.4947,0,0.6187,1.2033,-0.6201,1]},
{"frame":14,"values":[0.4947,0.0056,0.0011,0,-0.0056,0.4947,0.0001,0,0.0011,0.0001,-0.4947,0,0.6171,1.1671,-0.6225,1]},
{"frame":15,"values":[0.4947,0.0069,0.0013,0,-0.0069,0.4947,0.0001,0,0.0013,0.0001,-0.4947,0,0.6159,1.1374,-0.6245,1]},
{"frame":16,"values":[0.4947,0.0077,0.0015,0,-0.0077,0.4947,0.0001,0,0.0015,0.0001,-0.4947,0,0.6151,1.1186,-0.6258,1]},
{"frame":17,"values":[0.4947,0.008,0.0015,0,-0.008,0.4947,0.0001,0,0.0015,0.0001,-0.4947,0,0.6148,1.1123,-0.6262,1]},
{"frame":18,"values":[0.4947,0.0078,0.0015,0,-0.0078,0.4947,0.0001,0,0.0015,0.0001,-0.4947,0,0.6151,1.1135,-0.6218,1]},
{"frame":19,"values":[0.4947,0.0073,0.0014,0,-0.0073,0.4947,0.0001,0,0.0014,0.0001,-0.4947,0,0.6159,1.1174,-0.6084,1]},
{"frame":20,"values":[0.4947,0.0064,0.0012,0,-0.0064,0.4947,0.0001,0,0.0012,0.0001,-0.4947,0,0.6171,1.1244,-0.5874,1]},
{"frame":21,"values":[0.4947,0.0052,0.001,0,-0.0052,0.4947,0.0001,0,0.001,0.0001,-0.4947,0,0.6186,1.1344,-0.5617,1]},
{"frame":22,"values":[0.4947,0.0038,0.0007,0,-0.0038,0.4947,0.0001,0,0.0007,0.0001,-0.4947,0,0.6201,1.1469,-0.5361,1]},
{"frame":23,"values":[0.4947,0.0024,0.0005,0,-0.0024,0.4947,0.0001,0,0.0005,0.0001,-0.4947,0,0.6213,1.1609,-0.5151,1]},
{"frame":24,"values":[0.4947,0.0011,0.0002,0,-0.0011,0.4947,0.0001,0,0.0002,0.0001,-0.4947,0,0.6221,1.1756,-0.5017,1]},
{"frame":25,"values":[0.4947,0,0,0,0,0.4947,0.0001,0,0,0.0001,-0.4947,0,0.6223,1.1902,-0.4972,1]},
{"frame":26,"values":[0.4947,-0.0011,-0.0002,0,0.0011,0.4947,0.0001,0,-0.0002,0.0001,-0.4947,0,0.6179,1.2073,-0.5012,1]},
{"frame":27,"values":[0.4947,-0.0024,-0.0005,0,0.0024,0.4947,0.0001,0,-0.0005,0.0001,-0.4947,0,0.6047,1.2297,-0.5129,1]},
{"frame":28,"values":[0.4947,-0.0038,-0.0007,0,0.0038,0.4947,0.0001,0,-0.0007,0.0001,-0.4947,0,0.584,1.2558,-0.5315,1]},
{"frame":29,"values":[0.4947,-0.0052,-0.001,0,0.0052,0.4947,0.0001,0,-0.001,0.0001,-0.4947,0,0.5587,1.283,-0.5544,1]},
{"frame":30,"values":[0.4947,-0.0064,-0.0012,0,0.0064,0.4947,0.0001,0,-0.0012,0.0001,-0.4947,0,0.5334,1.3077,-0.5775,1]},
{"frame":31,"values":[0.4947,-0.0073,-0.0014,0,0.0073,0.4947,0.0001,0,-0.0014,0.0001,-0.4947,0,0.5126,1.3268,-0.597,1]},
{"frame":32,"values":[0.4947,-0.0078,-0.0015,0,0.0078,0.4947,0.0001,0,-0.0015,0.0001,-0.4947,0,0.4994,1.3384,-0.6101,1]},
{"frame":33,"values":[0.4947,-0.008,-0.0015,0,0.008,0.4947,0.0001,0,-0.0015,0.0001,-0.4947,0,0.495,1.3422,-0.6157,1]},
{"frame":34,"values":[0.4947,-0.0078,-0.0015,0,0.0078,0.4947,0.0001,0,-0.0015,0.0001,-0.4947,0,0.4961,1.3399,-0.6175,1]},
{"frame":35,"values":[0.4947,-0.0074,-0.0014,0,0.0074,0.4947,0.0001,0,-0.0014,0.0001,-0.4947,0,0.4993,1.3331,-0.6191,1]},
{"frame":36,"values":[0.4947,-0.0066,-0.0013,0,0.0066,0.4947,0.0001,0,-0.0013,0.0001,-0.4947,0,0.5046,1.3218,-0.6205,1]},
{"frame":37,"values":[0.4947,-0.0055,-0.0011,0,0.0055,0.4947,0.0001,0,-0.001,0.0001,-0.4947,0,0.512,1.3061,-0.6218,1]},
{"frame":38,"values":[0.4947,-0.0041,-0.0008,0,0.0041,0.4947,0.0001,0,-0.0008,0.0001,-0.4947,0,0.5213,1.2867,-0.6229,1]},
{"frame":39,"values":[0.4947,-0.0026,-0.0005,0,0.0026,0.4947,0.0001,0,-0.0005,0.0001,-0.4947,0,0.5321,1.2642,-0.6239,1]},
{"frame":40,"values":[0.4947,-0.0009,-0.0002,0,0.0009,0.4947,0.0001,0,-0.0002,0.0001,-0.4947,0,0.544,1.2398,-0.6246,1]},
{"frame":41,"values":[0.4947,0.0009,0.0002,0,-0.0009,0.4947,0.0001,0,0.0002,0.0001,-0.4947,0,0.5564,1.2147,-0.6252,1]},
{"frame":42,"values":[0.4947,0.0026,0.0005,0,-0.0026,0.4947,0.0001,0,0.0005,0.0001,-0.4947,0,0.5686,1.1903,-0.6256,1]},
{"frame":43,"values":[0.4947,0.0041,0.0008,0,-0.0041,0.4947,0.0001,0,0.0008,0.0001,-0.4947,0,0.5802,1.1678,-0.6259,1]},
{"frame":44,"values":[0.4947,0.0055,0.0011,0,-0.0055,0.4947,0.0001,0,0.001,0.0001,-0.4947,0,0.5907,1.1484,-0.6261,1]},
{"frame":45,"values":[0.4947,0.0066,0.0013,0,-0.0066,0.4947,0.0001,0,0.0013,0.0001,-0.4947,0,0.5995,1.1327,-0.6262,1]},
{"frame":46,"values":[0.4947,0.0074,0.0014,0,-0.0074,0.4947,0.0001,0,0.0014,0.0001,-0.4947,0,0.6066,1.1213,-0.6262,1]},
{"frame":47,"values":[0.4947,0.0078,0.0015,0,-0.0078,0.4947,0.0001,0,0.0015,0.0001,-0.4947,0,0.6117,1.1145,-0.6262,1]},
{"frame":48,"values":[0.4947,0.008,0.0015,0,-0.008,0.4947,0.0001,0,0.0015,0.0001,-0.4947,0,0.6148,1.1123,-0.6262,1]},
{"frame":49,"values":[0.4947,0.0078,0.0015,0,-0.0078,0.4947,0.0001,0,0.0015,0.0001,-0.4947,0,0.6169,1.1124,-0.6259,1]},
{"frame":50,"values":[0.4947,0.0071,0.0014,0,-0.0071,0.4947,0.0001,0,0.0014,0.0001,-0.4947,0,0.6187,1.1138,-0.6249,1]},
{"frame":51,"values":[0.4947,0.0061,0.0012,0,-0.0061,0.4947,0.0001,0,0.0012,0.0001,-0.4947,0,0.6201,1.1182,-0.6233,1]},
{"frame":52,"values":[0.4947,0.0047,0.0009,0,-0.0047,0.4947,0.0001,0,0.0009,0.0001,-0.4947,0,0.6211,1.1277,-0.6212,1]},
{"frame":53,"values":[0.4947,0.0033,0.0006,0,-0.0033,0.4947,0,0,0.0006,0,-0.4947,0,0.6218,1.1444,-0.619,1]},
{"frame":54,"values":[0.4947,0.0019,0.0004,0,-0.0019,0.4947,0,0,0.0004,0,-0.4947,0,0.6222,1.1695,-0.6169,1]},
{"frame":55,"values":[0.4947,0.0009,0.0002,0,-0.0009,0.4947,0,0,0.0002,0,-0.4947,0,0.6224,1.2035,-0.6153,1]},
{"frame":56,"values":[0.4947,0.0002,0,0,-0.0002,0.4947,0,0,0,0,-0.4947,0,0.6225,1.2455,-0.6143,1]},
{"frame":57,"values":[0.4947,0,0,0,0,0.4947,0,0,0,0,-0.4947,0,0.6225,1.2943,-0.614,1]},
{"frame":58,"values":[0.4947,0,0,0,0,0.4947,0,0,0,0,-0.4947,0,0.6094,1.4153,-0.6206,1]},
{"frame":59,"values":[0.4947,0,0,0,0,0.4947,0,0,0,0,-0.4947,0,0.5682,1.6725,-0.6403,1]},
{"frame":60,"values":[0.4947,0,0,0,0,0.4947,0,0,0,0,-0.4947,0,0.4985,2.0448,-0.6713,1]},
{"frame":61,"values":[0.4947,0,0,0,0,0.4947,0,0,0,0,-0.4947,0,0.4043,2.4815,-0.7092,1]},
{"frame":62,"values":[0.4947,0,0,0,0,0.4947,0,0,0,0,-0.4947,0,0.2949,2.9093,-0.747,1]},
{"frame":63,"values":[0.4947,0,0,0,0,0.4947,0,0,0,0,-0.4947,0,0.1816,3.2561,-0.778,1]},
{"frame":64,"values":[0.4947,0,0,0,0,0.4947,0,0,0,0,-0.4947,0,0.0742,3.4745,-0.7977,1]},
{"frame":65,"values":[0.4947,0,0,0,0,0.4947,0,0,0,0,-0.4947,0,-0.0213,3.5473,-0.8043,1]},
{"frame":66,"values":[0.4947,0,0,0,0,0.4947,0,0,0,0,-0.4947,0,-0.1229,3.4332,-0.8043,1]},
{"frame":67,"values":[0.4947,0,0,0,0,0.4947,0,0,0,0,-0.4947,0,-0.2472,3.0956,-0.8043,1]},
{"frame":68,"values":[0.4947,0,0,0,0,0.4947,0,0,0,0,-0.4947,0,-0.3834,2.5812,-0.8042,1]},
{"frame":69,"values":[0.4947,0,0,0,0,0.4947,0,0,0,0,-0.4947,0,-0.5127,1.9977,-0.8042,1]},
{"frame":70,"values":[0.4947,0,0,0,0,0.4947,0,0,0,0,-0.4947,0,-0.615,1.4833,-0.8042,1]},
{"frame":71,"values":[0.4947,0,0,0,0,0.4947,0,0,0,0,-0.4947,0,-0.6775,1.1457,-0.8042,1]},
{"frame":72,"values":[0.4947,0,0,0,0,0.4947,0,0,0,0,-0.4947,0,-0.6978,1.0316,-0.8041,1]},
{"frame":73,"values":[0.4947,0,0,0,0,0.4947,0,0,0,0,-0.4947,0,-0.6519,1.0407,-0.7975,1]},
{"frame":74,"values":[0.4947,0,0,0,0,0.4947,0,0,0,0,-0.4947,0,-0.5152,1.0679,-0.7778,1]},
{"frame":75,"values":[0.4947,0,0,0,0,0.4947,0,0,0,0,-0.4947,0,-0.2999,1.1108,-0.7468,1]},
{"frame":76,"values":[0.4947,0,0,0,0,0.4947,0,0,0,0,-0.4947,0,-0.0376,1.163,-0.7091,1]},
{"frame":77,"values":[0.4947,0,0,0,0,0.4947,0,0,0,0,-0.4947,0,0.2246,1.2151,-0.6713,1]},
{"frame":78,"values":[0.4947,0,0,0,0,0.4947,0,0,0,0,-0.4947,0,0.4399,1.258,-0.6403,1]},
{"frame":79,"values":[0.4947,0,0,0,0,0.4947,0,0,0,0,-0.4947,0,0.5767,1.2852,-0.6206,1]}],"loopBehavior":1,"name":"anim","property":"_matrix"}},
{"name":"L.knee","index":4,"matrix":[0.4947,0,0,0,0,0.4947,0,0,0,0,-0.4947,0,0.3396,0.4496,-0.5392,1],"rest":[0.4947,0,0,0,0,0.4947,0,0,0,0,-0.4947,0,0.7296,0.4785,-0.5392,1],"parentBoneIndex":-1,"length":0.7635
,"animation":{"dataType":3,"framePerSecond":24,"keys":[
{"frame":9,"values":[0.4947,0,0,0,0,0.4947,0,0,0,0,-0.4947,0,0.3396,0.4496,-0.5392,1]},
{"frame":10,"values":[0.4947,0.0003,0.0001,0,-0.0003,0.4947,0,0,0.0001,0,-0.4947,0,0.3398,0.4498,-0.5392,1]},
{"frame":11,"values":[0.4947,0.0011,0.0002,0,-0.0011,0.4947,0,0,0.0002,0,-0.4947,0,0.3404,0.4504,-0.5391,1]},
{"frame":12,"values":[0.4947,0.0024,0.0005,0,-0.0024,0.4947,0,0,0.0005,0,-0.4947,0,0.3413,0.4514,-0.5389,1]},
{"frame":13,"values":[0.4947,0.004,0.0008,0,-0.004,0.4947,0,0,0.0008,0.0001,-0.4947,0,0.3425,0.4526,-0.5387,1]},
{"frame":14,"values":[0.4947,0.0056,0.0011,0,-0.0056,0.4947,0.0001,0,0.0011,0.0001,-0.4947,0,0.3436,0.4538,-0.5385,1]},
{"frame":15,"values":[0.4947,0.0069,0.0013,0,-0.0069,0.4947,0.0001,0,0.0013,0.0001,-0.4947,0,0.3446,0.4548,-0.5383,1]},
{"frame":16,"values":[0.4947,0.0077,0.0015,0,-0.0077,0.4947,0.0001,0,0.0015,0.0001,-0.4947,0,0.3452,0.4554,-0.5382,1]},
{"frame":17,"values":[0.4947,0.008,0.0015,0,-0.008,0.4947,0.0001,0,0.0015,0.0001,-0.4947,0,0.3454,0.4556,-0.5382,1]},
{"frame":18,"values":[0.4947,0.0079,0.0015,0,-0.0079,0.4947,0.0001,0,0.0015,0.0001,-0.4947,0,0.3453,0.4555,-0.5382,1]},
{"frame":19,"values":[0.4947,0.0074,0.0014,0,-0.0074,0.4947,0.0001,0,0.0014,0.0001,-0.4947,0,0.345,0.4552,-0.5382,1]},
{"frame":20,"values":[0.4947,0.0067,0.0013,0,-0.0068,0.4947,0.0001,0,0.0013,0.0001,-0.4947,0,0.3445,0.4547,-0.5383,1]},
{"frame":21,"values":[0.4947,0.0058,0.0011,0,-0.0058,0.4947,0.0001,0,0.0011,0.0001,-0.4947,0,0.3438,0.454,-0.5385,1]},
{"frame":22,"values":[0.4947,0.0046,0.0009,0,-0.0046,0.4947,0.0001,0,0.0009,0.0001,-0.4947,0,0.3429,0.4531,-0.5386,1]},
{"frame":23,"values":[0.4947,0.0032,0.0006,0,-0.0032,0.4947,0.0001,0,0.0006,0.0001,-0.4947,0,0.3419,0.4521,-0.5388,1]},
{"frame":24,"values":[0.4947,0.0016,0.0003,0,-0.0016,0.4947,0.0001,0,0.0003,0.0001,-0.4947,0,0.3407,0.4509,-0.5391,1]},
{"frame":25,"values":[0.4947,0,0,0,0,0.4947,0.0001,0,0,0.0001,-0.4947,0,0.3395,0.4497,-0.5393,1]},
{"frame":26,"values":[0.4947,-0.0016,-0.0003,0,0.0016,0.4947,0.0001,0,-0.0003,0.0001,-0.4947,0,0.3383,0.4485,-0.5395,1]},
{"frame":27,"values":[0.4947,-0.0032,-0.0006,0,0.0032,0.4947,0.0001,0,-0.0006,0.0001,-0.4947,0,0.3372,0.4474,-0.5397,1]},
{"frame":28,"values":[0.4947,-0.0046,-0.0009,0,0.0046,0.4947,0.0001,0,-0.0009,0.0001,-0.4947,0,0.3362,0.4463,-0.5399,1]},
{"frame":29,"values":[0.4947,-0.0058,-0.0011,0,0.0058,0.4947,0.0001,0,-0.0011,0.0001,-0.4947,0,0.3353,0.4455,-0.5401,1]},
{"frame":30,"values":[0.4947,-0.0067,-0.0013,0,0.0068,0.4947,0.0001,0,-0.0013,0.0001,-0.4947,0,0.3346,0.4447,-0.5402,1]},
{"frame":31,"values":[0.4947,-0.0074,-0.0014,0,0.0074,0.4947,0.0001,0,-0.0014,0.0001,-0.4947,0,0.3341,0.4442,-0.5403,1]},
{"frame":32,"values":[0.4947,-0.0079,-0.0015,0,0.0079,0.4947,0.0001,0,-0.0015,0.0001,-0.4947,0,0.3338,0.4439,-0.5404,1]},
{"frame":33,"values":[0.4947,-0.008,-0.0015,0,0.008,0.4947,0.0001,0,-0.0015,0.0001,-0.4947,0,0.3337,0.4438,-0.5404,1]},
{"frame":34,"values":[0.4947,-0.0078,-0.0015,0,0.0078,0.4947,0.0001,0,-0.0015,0.0001,-0.4947,0,0.3338,0.4439,-0.5404,1]},
{"frame":35,"values":[0.4947,-0.0074,-0.0014,0,0.0074,0.4947,0.0001,0,-0.0014,0.0001,-0.4947,0,0.3341,0.4443,-0.5403,1]},
{"frame":36,"values":[0.4947,-0.0066,-0.0013,0,0.0066,0.4947,0.0001,0,-0.0013,0.0001,-0.4947,0,0.3347,0.4449,-0.5402,1]},
{"frame":37,"values":[0.4947,-0.0055,-0.0011,0,0.0055,0.4947,0.0001,0,-0.001,0.0001,-0.4947,0,0.3355,0.4457,-0.5401,1]},
{"frame":38,"values":[0.4947,-0.0041,-0.0008,0,0.0041,0.4947,0.0001,0,-0.0008,0.0001,-0.4947,0,0.3365,0.4467,-0.5399,1]},
{"frame":39,"values":[0.4947,-0.0026,-0.0005,0,0.0026,0.4947,0.0001,0,-0.0005,0.0001,-0.4947,0,0.3376,0.4478,-0.5397,1]},
{"frame":40,"values":[0.4947,-0.0009,-0.0002,0,0.0009,0.4947,0.0001,0,-0.0002,0.0001,-0.4947,0,0.3389,0.4491,-0.5394,1]},
{"frame":41,"values":[0.4947,0.0009,0.0002,0,-0.0009,0.4947,0.0001,0,0.0002,0.0001,-0.4947,0,0.3402,0.4504,-0.5392,1]},
{"frame":42,"values":[0.4947,0.0026,0.0005,0,-0.0026,0.4947,0.0001,0,0.0005,0.0001,-0.4947,0,0.3414,0.4516,-0.5389,1]},
{"frame":43,"values":[0.4947,0.0041,0.0008,0,-0.0041,0.4947,0.0001,0,0.0008,0.0001,-0.4947,0,0.3426,0.4528,-0.5387,1]},
{"frame":44,"values":[0.4947,0.0055,0.0011,0,-0.0055,0.4947,0.0001,0,0.001,0.0001,-0.4947,0,0.3436,0.4538,-0.5385,1]},
{"frame":45,"values":[0.4947,0.0066,0.0013,0,-0.0066,0.4947,0.0001,0,0.0013,0.0001,-0.4947,0,0.3444,0.4546,-0.5384,1]},
{"frame":46,"values":[0.4947,0.0074,0.0014,0,-0.0074,0.4947,0.0001,0,0.0014,0.0001,-0.4947,0,0.3449,0.4552,-0.5383,1]},
{"frame":47,"values":[0.4947,0.0078,0.0015,0,-0.0078,0.4947,0.0001,0,0.0015,0.0001,-0.4947,0,0.3453,0.4555,-0.5382,1]},
{"frame":48,"values":[0.4947,0.008,0.0015,0,-0.008,0.4947,0.0001,0,0.0015,0.0001,-0.4947,0,0.3454,0.4556,-0.5382,1]},
{"frame":49,"values":[0.4947,0.0078,0.0015,0,-0.0078,0.4947,0.0001,0,0.0015,0.0001,-0.4947,0,0.3452,0.4555,-0.5382,1]},
{"frame":50,"values":[0.4947,0.0071,0.0014,0,-0.0071,0.4947,0.0001,0,0.0014,0.0001,-0.4947,0,0.3448,0.455,-0.5383,1]},
{"frame":51,"values":[0.4947,0.0061,0.0012,0,-0.0061,0.4947,0.0001,0,0.0012,0.0001,-0.4947,0,0.344,0.4542,-0.5384,1]},
{"frame":52,"values":[0.4947,0.0047,0.0009,0,-0.0047,0.4947,0.0001,0,0.0009,0.0001,-0.4947,0,0.343,0.4532,-0.5386,1]},
{"frame":53,"values":[0.4947,0.0033,0.0006,0,-0.0033,0.4947,0,0,0.0006,0,-0.4947,0,0.342,0.4521,-0.5388,1]},
{"frame":54,"values":[0.4947,0.0019,0.0004,0,-0.0019,0.4947,0,0,0.0004,0,-0.4947,0,0.341,0.4511,-0.5389,1]},
{"frame":55,"values":[0.4947,0.0009,0.0002,0,-0.0009,0.4947,0,0,0.0002,0,-0.4947,0,0.3402,0.4503,-0.5391,1]},
{"frame":56,"values":[0.4947,0.0002,0,0,-0.0002,0.4947,0,0,0,0,-0.4947,0,0.3397,0.4498,-0.5392,1]},
{"frame":57,"values":[0.4947,0,0,0,0,0.4947,0,0,0,0,-0.4947,0,0.3396,0.4496,-0.5392,1]},
{"frame":58,"values":[0.4947,0,0,0,0,0.4947,0,0,0,0,-0.4947,0,0.3396,0.4645,-0.5392,1]},
{"frame":59,"values":[0.4947,0,0,0,0,0.4947,0,0,0,0,-0.4947,0,0.3396,0.5091,-0.5392,1]},
{"frame":60,"values":[0.4947,0,0,0,0,0.4947,0,0,0,0,-0.4947,0,0.3396,0.5792,-0.5392,1]},
{"frame":61,"values":[0.4947,0,0,0,0,0.4947,0,0,0,0,-0.4947,0,0.3396,0.6647,-0.5392,1]},
{"frame":62,"values":[0.4947,0,0,0,0,0.4947,0,0,0,0,-0.4947,0,0.3396,0.7502,-0.5392,1]},
{"frame":63,"values":[0.4947,0,0,0,0,0.4947,0,0,0,0,-0.4947,0,0.3396,0.8203,-0.5392,1]},
{"frame":64,"values":[0.4947,0,0,0,0,0.4947,0,0,0,0,-0.4947,0,0.3396,0.8649,-0.5392,1]},
{"frame":65,"values":[0.4947,0,0,0,0,0.4947,0,0,0,0,-0.4947,0,0.3396,0.8798,-0.5392,1]},
{"frame":66,"values":[0.4947,0,0,0,0,0.4947,0,0,0,0,-0.4947,0,0.3396,0.8548,-0.5392,1]},
{"frame":67,"values":[0.4947,0,0,0,0,0.4947,0,0,0,0,-0.4947,0,0.3396,0.7809,-0.5392,1]},
{"frame":68,"values":[0.4947,0,0,0,0,0.4947,0,0,0,0,-0.4947,0,0.3396,0.6683,-0.5392,1]},
{"frame":69,"values":[0.4947,0,0,0,0,0.4947,0,0,0,0,-0.4947,0,0.3396,0.5405,-0.5392,1]},
{"frame":70,"values":[0.4947,0,0,0,0,0.4947,0,0,0,0,-0.4947,0,0.3396,0.4278,-0.5392,1]},
{"frame":71,"values":[0.4947,0,0,0,0,0.4947,0,0,0,0,-0.4947,0,0.3396,0.3539,-0.5392,1]},
{"frame":72,"values":[0.4947,0,0,0,0,0.4947,0,0,0,0,-0.4947,0,0.3396,0.3289,-0.5392,1]},
{"frame":73,"values":[0.4947,0,0,0,0,0.4947,0,0,0,0,-0.4947,0,0.3396,0.3331,-0.5392,1]},
{"frame":74,"values":[0.4947,0,0,0,0,0.4947,0,0,0,0,-0.4947,0,0.3396,0.3456,-0.5392,1]},
{"frame":75,"values":[0.4947,0,0,0,0,0.4947,0,0,0,0,-0.4947,0,0.3396,0.3653,-0.5392,1]},
{"frame":76,"values":[0.4947,0,0,0,0,0.4947,0,0,0,0,-0.4947,0,0.3396,0.3892,-0.5392,1]},
{"frame":77,"values":[0.4947,0,0,0,0,0.4947,0,0,0,0,-0.4947,0,0.3396,0.4132,-0.5392,1]},
{"frame":78,"values":[0.4947,0,0,0,0,0.4947,0,0,0,0,-0.4947,0,0.3396,0.4329,-0.5392,1]},
{"frame":79,"values":[0.4947,0,0,0,0,0.4947,0,0,0,0,-0.4947,0,0.3396,0.4454,-0.5392,1]}],"loopBehavior":1,"name":"anim","property":"_matrix"}},
{"name":"L.arm IK","index":5,"matrix":[0.4947,0,0,0,0,0,0.4947,0,0,0.4947,0,0,0.7716,1.4268,-0.1452,1],"rest":[0.4947,0,0,0,0,0,0.4947,0,0,0.4947,0,0,1.1415,1.8948,-0.1452,1],"parentBoneIndex":-1,"length":0.7755
,"animation":{"dataType":3,"framePerSecond":24,"keys":[
{"frame":9,"values":[0.4947,0,0,0,0,0,0.4947,0,0,0.4947,0,0,0.7716,1.4268,-0.1452,1]},
{"frame":10,"values":[0.4947,0.0003,0.0001,0,-0.0001,0,0.4947,0,-0.0003,0.4947,0,0,0.7643,1.4222,-0.1281,1]},
{"frame":11,"values":[0.4947,0.0011,0.0002,0,-0.0002,0,0.4947,0,-0.0011,0.4947,0,0,0.7425,1.4086,-0.0769,1]},
{"frame":12,"values":[0.4947,0.0024,0.0005,0,-0.0005,0,0.4947,0,-0.0024,0.4947,0,0,0.7081,1.3871,0.0036,1]},
{"frame":13,"values":[0.4947,0.004,0.0008,0,-0.0008,-0.0001,0.4947,0,-0.004,0.4947,0,0,0.6662,1.361,0.1017,1]},
{"frame":14,"values":[0.4947,0.0056,0.0011,0,-0.0011,-0.0001,0.4947,0,-0.0056,0.4947,0.0001,0,0.6243,1.3348,0.1998,1]},
{"frame":15,"values":[0.4947,0.0069,0.0013,0,-0.0013,-0.0001,0.4947,0,-0.0069,0.4947,0.0001,0,0.5899,1.3133,0.2803,1]},
{"frame":16,"values":[0.4947,0.0077,0.0015,0,-0.0015,-0.0001,0.4947,0,-0.0077,0.4947,0.0001,0,0.568,1.2997,0.3315,1]},
{"frame":17,"values":[0.4947,0.008,0.0015,0,-0.0015,-0.0001,0.4947,0,-0.008,0.4947,0.0001,0,0.5607,1.2951,0.3486,1]},
{"frame":18,"values":[0.4947,0.0078,0.0015,0,-0.0015,-0.0001,0.4947,0,-0.0078,0.4947,0.0001,0,0.5631,1.2961,0.3379,1]},
{"frame":19,"values":[0.4947,0.0073,0.0014,0,-0.0014,-0.0001,0.4947,0,-0.0073,0.4947,0.0001,0,0.5706,1.299,0.3048,1]},
{"frame":20,"values":[0.4947,0.0064,0.0012,0,-0.0012,-0.0001,0.4947,0,-0.0064,0.4947,0.0001,0,0.5832,1.3036,0.2507,1]},
{"frame":21,"values":[0.4947,0.0052,0.001,0,-0.001,-0.0001,0.4947,0,-0.0052,0.4947,0.0001,0,0.5999,1.3092,0.1806,1]},
{"frame":22,"values":[0.4947,0.0038,0.0007,0,-0.0007,-0.0001,0.4947,0,-0.0038,0.4947,0.0001,0,0.6191,1.3148,0.1038,1]},
{"frame":23,"values":[0.4947,0.0024,0.0005,0,-0.0005,-0.0001,0.4947,0,-0.0024,0.4947,0.0001,0,0.6385,1.3194,0.0302,1]},
{"frame":24,"values":[0.4947,0.0011,0.0002,0,-0.0002,-0.0001,0.4947,0,-0.0011,0.4947,0.0001,0,0.6564,1.3223,-0.0323,1]},
{"frame":25,"values":[0.4947,0,0,0,0,-0.0001,0.4947,0,0,0.4947,0.0001,0,0.6717,1.3233,-0.0797,1]},
{"frame":26,"values":[0.4947,-0.0011,-0.0002,0,0.0002,-0.0001,0.4947,0,0.0011,0.4947,0.0001,0,0.687,1.3208,-0.1193,1]},
{"frame":27,"values":[0.4947,-0.0024,-0.0005,0,0.0005,-0.0001,0.4947,0,0.0024,0.4947,0.0001,0,0.7049,1.3132,-0.1584,1]},
{"frame":28,"values":[0.4947,-0.0038,-0.0007,0,0.0007,-0.0001,0.4947,0,0.0038,0.4947,0.0001,0,0.7243,1.3012,-0.1952,1]},
{"frame":29,"values":[0.4947,-0.0052,-0.001,0,0.001,-0.0001,0.4947,0,0.0052,0.4947,0.0001,0,0.7434,1.2867,-0.2272,1]},
{"frame":30,"values":[0.4947,-0.0064,-0.0012,0,0.0012,-0.0001,0.4947,0,0.0064,0.4947,0.0001,0,0.7602,1.2721,-0.2524,1]},
{"frame":31,"values":[0.4947,-0.0073,-0.0014,0,0.0014,-0.0001,0.4947,0,0.0073,0.4947,0.0001,0,0.7728,1.2602,-0.2697,1]},
{"frame":32,"values":[0.4947,-0.0078,-0.0015,0,0.0015,-0.0001,0.4947,0,0.0078,0.4947,0.0001,0,0.7803,1.2526,-0.2794,1]},
{"frame":33,"values":[0.4947,-0.008,-0.0015,0,0.0015,-0.0001,0.4947,0,0.008,0.4947,0.0001,0,0.7827,1.25,-0.2823,1]},
{"frame":34,"values":[0.4947,-0.0078,-0.0015,0,0.0015,-0.0001,0.4947,0,0.0078,0.4947,0.0001,0,0.7827,1.2511,-0.2774,1]},
{"frame":35,"values":[0.4947,-0.007,-0.0013,0,0.0013,-0.0001,0.4947,0,0.007,0.4947,0.0001,0,0.7825,1.2545,-0.2617,1]},
{"frame":36,"values":[0.4947,-0.0058,-0.0011,0,0.0011,-0.0001,0.4947,0,0.0058,0.4947,0.0001,0,0.7818,1.2598,-0.2344,1]},
{"frame":37,"values":[0.4947,-0.0043,-0.0008,0,0.0008,-0.0001,0.4947,0,0.0043,0.4947,0.0001,0,0.7805,1.2664,-0.1974,1]},
{"frame":38,"values":[0.4947,-0.0027,-0.0005,0,0.0005,-0.0001,0.4947,0,0.0027,0.4947,0.0001,0,0.7784,1.2729,-0.1543,1]},
{"frame":39,"values":[0.4947,-0.0012,-0.0002,0,0.0002,-0.0001,0.4947,0,0.0012,0.4947,0.0001,0,0.7753,1.2784,-0.1097,1]},
{"frame":40,"values":[0.4947,0,0,0,0,-0.0001,0.4947,0,0,0.4947,0.0001,0,0.7715,1.2824,-0.0668,1]},
{"frame":41,"values":[0.4947,0.0012,0.0002,0,-0.0002,-0.0001,0.4947,0,-0.0012,0.4947,0.0001,0,0.7608,1.2854,-0.0182,1]},
{"frame":42,"values":[0.4947,0.0025,0.0005,0,-0.0005,-0.0001,0.4947,0,-0.0025,0.4947,0.0001,0,0.7371,1.2882,0.0438,1]},
{"frame":43,"values":[0.4947,0.0039,0.0007,0,-0.0007,-0.0001,0.4947,0,-0.0039,0.4947,0.0001,0,0.7024,1.2905,0.1154,1]},
{"frame":44,"values":[0.4947,0.0053,0.001,0,-0.001,-0.0001,0.4947,0,-0.0053,0.4947,0.0001,0,0.6613,1.2924,0.1893,1]},
{"frame":45,"values":[0.4947,0.0064,0.0012,0,-0.0012,-0.0001,0.4947,0,-0.0064,0.4947,0.0001,0,0.621,1.2938,0.2561,1]},
{"frame":46,"values":[0.4947,0.0073,0.0014,0,-0.0014,-0.0001,0.4947,0,-0.0073,0.4947,0.0001,0,0.5882,1.2946,0.3074,1]},
{"frame":47,"values":[0.4947,0.0078,0.0015,0,-0.0015,-0.0001,0.4947,0,-0.0078,0.4947,0.0001,0,0.5676,1.295,0.3385,1]},
{"frame":48,"values":[0.4947,0.008,0.0015,0,-0.0015,-0.0001,0.4947,0,-0.008,0.4947,0.0001,0,0.5607,1.2951,0.3486,1]},
{"frame":49,"values":[0.4947,0.0078,0.0015,0,-0.0015,-0.0001,0.4947,0,-0.0078,0.4947,0.0001,0,0.5665,1.2883,0.3351,1]},
{"frame":50,"values":[0.4947,0.0071,0.0014,0,-0.0014,-0.0001,0.4947,0,-0.0071,0.4947,0.0001,0,0.5838,1.2678,0.2945,1]},
{"frame":51,"values":[0.4947,0.0061,0.0012,0,-0.0012,-0.0001,0.4947,0,-0.0061,0.4947,0.0001,0,0.6116,1.2348,0.2293,1]},
{"frame":52,"values":[0.4947,0.0047,0.0009,0,-0.0009,-0.0001,0.4947,0,-0.0047,0.4947,0.0001,0,0.6471,1.1929,0.1464,1]},
{"frame":53,"values":[0.4947,0.0033,0.0006,0,-0.0006,0,0.4947,0,-0.0033,0.4947,0,0,0.6853,1.1477,0.057,1]},
{"frame":54,"values":[0.4947,0.0019,0.0004,0,-0.0004,0,0.4947,0,-0.0019,0.4947,0,0,0.7207,1.1057,-0.0259,1]},
{"frame":55,"values":[0.4947,0.0009,0.0002,0,-0.0002,0,0.4947,0,-0.0009,0.4947,0,0,0.7485,1.0728,-0.0911,1]},
{"frame":56,"values":[0.4947,0.0002,0,0,0,0,0.4947,0,-0.0002,0.4947,0,0,0.7659,1.0523,-0.1317,1]},
{"frame":57,"values":[0.4947,0,0,0,0,0,0.4947,0,0,0.4947,0,0,0.7716,1.0454,-0.1452,1]},
