{"producer":{"name":"Blender","version":"2.77 (sub 0)","exporter_version":"4.4.3","file":"barbarian.babylon"},
"autoClear":true,"clearColor":[0.0509,0.0509,0.0509],"ambientColor":[0,0,0],"gravity":[0,-9.81,0],
"materials":[{"name":"barbarian.Axe_Tomahawk","id":"barbarian.Axe_Tomahawk","ambient":[0,0,0],"diffuse":[0.8,0.8,0.8],"specular":[1,1,1],"emissive":[0,0,0],"specularPower":64,"alpha":1,"backFaceCulling":true,"checkReadyOnlyOnce":false, 
"diffuseTexture":{"name":"barbarian_Axe_Tomahawk_TEXTURE.jpg","level":1,"hasAlpha":0,"coordinatesMode":0,"uOffset":0,"vOffset":0,"uScale":1,"vScale":1,"uAng":0,"vAng":0,"wAng":0,"wrapU":0,"wrapV":0,"coordinatesIndex":0}}],
"multiMaterials":[],
"skeletons":[{"name":"Armature","id":0,"bones":[
{"name":"stomach","index":0,"matrix":[1,0,0,0,0,1,0,0,0,0,-1,0,0.0297,-0.5459,0.4148,1],"rest":[1,0,0,0,0,1,0,0,0,0,-1,0,0.0297,-0.5459,0.4148,1],"parentBoneIndex":-1,"length":1
,"animation":{"dataType":3,"framePerSecond":24,"keys":[
{"frame":9,"values":[1,0,0,0,0,1,0,0,0,0,-1,0,0.0297,-0.5459,0.4148,1]},
{"frame":10,"values":[1,0,0,0,0,1,0,0,0,0,-1,0,0.0297,-0.5499,0.4148,1]},
{"frame":11,"values":[1,0,0,0,0,1,0,0,0,0,-1,0,0.0297,-0.5621,0.4148,1]},
{"frame":12,"values":[1,0,0,0,0,1,0,0,0,0,-1,0,0.0297,-0.5825,0.4148,1]},
{"frame":13,"values":[1,0,0,0,0,1,0,0,0,0,-1,0,0.0297,-0.6096,0.4148,1]},
{"frame":14,"values":[1,0,0,0,0,1,0,0,0,0,-1,0,0.0297,-0.6404,0.4148,1]},
{"frame":15,"values":[1,0,0,0,0,1,0,0,0,0,-1,0,0.0297,-0.6713,0.4148,1]},
{"frame":16,"values":[1,0,0,0,0,1,0,0,0,0,-1,0,0.0297,-0.6994,0.4148,1]},
{"frame":17,"values":[1,0,0,0,0,1,0,0,0,0,-1,0,0.0297,-0.7232,0.4148,1]},
{"frame":18,"values":[1,-0.0006,-0.0001,0,0.0006,1,-0.0001,0,-0.0001,-0.0001,-1,0,0.0303,-0.7464,0.4141,1]},
{"frame":19,"values":[1,-0.0025,-0.0004,0,0.0025,1,-0.0003,0,-0.0004,-0.0003,-1,0,0.032,-0.7731,0.4119,1]},
{"frame":20,"values":[1,-0.0055,-0.001,0,0.0055,1,-0.0008,0,-0.001,-0.0008,-1,0,0.0348,-0.8017,0.4086,1]},
{"frame":21,"values":[1,-0.0091,-0.0016,0,0.0091,1,-0.0013,0,-0.0016,-0.0013,-1,0,0.0385,-0.8297,0.4045,1]},
{"frame":22,"values":[0.9999,-0.0128,-0.0022,0,0.0128,0.9999,-0.0018,0,-0.0022,-0.0017,-1,0,0.0428,-0.8541,0.4003,1]},
{"frame":23,"values":[0.9999,-0.0158,-0.0027,0,0.0158,0.9999,-0.0022,0,-0.0028,-0.0022,-1,0,0.0471,-0.8722,0.397,1]},
{"frame":24,"values":[0.9998,-0.0177,-0.0031,0,0.0176,0.9998,-0.0025,0,-0.0031,-0.0024,-1,0,0.051,-0.883,0.3948,1]},
{"frame":25,"values":[0.9998,-0.0183,-0.0032,0,0.0183,0.9998,-0.0026,0,-0.0032,-0.0025,-1,0,0.0543,-0.8864,0.3941,1]},
{"frame":26,"values":[0.9998,-0.0179,-0.0031,0,0.0179,0.9998,-0.0025,0,-0.0031,-0.0024,-1,0,0.0575,-0.8819,0.3963,1]},
{"frame":27,"values":[0.9999,-0.0167,-0.0029,0,0.0166,0.9999,-0.0022,0,-0.0029,-0.0022,-1,0,0.0612,-0.8684,0.403,1]},
{"frame":28,"values":[0.9999,-0.0146,-0.0025,0,0.0146,0.9999,-0.0018,0,-0.0026,-0.0017,-1,0,0.0651,-0.847,0.4134,1]},
{"frame":29,"values":[0.9999,-0.0118,-0.0021,0,0.0118,0.9999,-0.0013,0,-0.0021,-0.0012,-1,0,0.069,-0.821,0.4261,1]},
{"frame":30,"values":[1,-0.0087,-0.0015,0,0.0087,1,-0.0008,0,-0.0015,-0.0008,-1,0,0.0724,-0.795,0.4388,1]},
{"frame":31,"values":[1,-0.0055,-0.001,0,0.0055,1,-0.0004,0,-0.001,-0.0003,-1,0,0.0749,-0.7737,0.4492,1]},
{"frame":32,"values":[1,-0.0025,-0.0004,0,0.0025,1,-0.0001,0,-0.0004,-0.0001,-1,0,0.0764,-0.7601,0.4559,1]},
{"frame":33,"values":[1,0,0,0,0,1,0,0,0,0,-1,0,0.0769,-0.7556,0.4581,1]},
{"frame":34,"values":[1,0.0025,0.0004,0,-0.0025,1,-0.0001,0,0.0004,-0.0001,-1,0,0.0744,-0.7601,0.4559,1]},
{"frame":35,"values":[1,0.0055,0.001,0,-0.0055,1,-0.0004,0,0.001,-0.0003,-1,0,0.067,-0.7737,0.4492,1]},
{"frame":36,"values":[1,0.0087,0.0015,0,-0.0087,1,-0.0008,0,0.0015,-0.0008,-1,0,0.0553,-0.795,0.4388,1]},
{"frame":37,"values":[0.9999,0.0118,0.0021,0,-0.0118,0.9999,-0.0013,0,0.0021,-0.0012,-1,0,0.041,-0.821,0.4261,1]},
{"frame":38,"values":[0.9999,0.0146,0.0025,0,-0.0146,0.9999,-0.0018,0,0.0026,-0.0017,-1,0,0.0268,-0.847,0.4134,1]},
{"frame":39,"values":[0.9999,0.0167,0.0029,0,-0.0166,0.9999,-0.0022,0,0.0029,-0.0022,-1,0,0.0151,-0.8684,0.403,1]},
{"frame":40,"values":[0.9998,0.0179,0.0031,0,-0.0179,0.9998,-0.0025,0,0.0031,-0.0024,-1,0,0.0077,-0.8819,0.3963,1]},
{"frame":41,"values":[0.9998,0.0183,0.0032,0,-0.0183,0.9998,-0.0026,0,0.0032,-0.0025,-1,0,0.0052,-0.8864,0.3941,1]},
{"frame":42,"values":[0.9998,0.0177,0.0031,0,-0.0176,0.9998,-0.0025,0,0.0031,-0.0024,-1,0,0.006,-0.8808,0.3948,1]},
{"frame":43,"values":[0.9999,0.0158,0.0027,0,-0.0158,0.9999,-0.0022,0,0.0028,-0.0022,-1,0,0.0086,-0.8639,0.397,1]},
{"frame":44,"values":[0.9999,0.0128,0.0022,0,-0.0128,0.9999,-0.0018,0,0.0022,-0.0017,-1,0,0.0126,-0.8372,0.4003,1]},
{"frame":45,"values":[1,0.0091,0.0016,0,-0.0091,1,-0.0013,0,0.0016,-0.0013,-1,0,0.0175,-0.8048,0.4045,1]},
{"frame":46,"values":[1,0.0055,0.001,0,-0.0055,1,-0.0008,0,0.001,-0.0008,-1,0,0.0223,-0.7724,0.4086,1]},
{"frame":47,"values":[1,0.0025,0.0004,0,-0.0025,1,-0.0003,0,0.0004,-0.0003,-1,0,0.0263,-0.7457,0.4119,1]},
{"frame":48,"values":[1,0.0006,0.0001,0,-0.0006,1,-0.0001,0,0.0001,-0.0001,-1,0,0.0289,-0.7288,0.4141,1]},
{"frame":49,"values":[1,0,0,0,0,1,0,0,0,0,-1,0,0.0297,-0.7232,0.4148,1]},
{"frame":50,"values":[1,0,0,0,0,1,0,0,0,0,-1,0,0.0272,-0.7258,0.412,1]},
{"frame":51,"values":[1,0,0,0,0,1,0,0,0,0,-1,0,0.0199,-0.7345,0.4036,1]},
{"frame":52,"values":[1,0,0,0,0,1,0,0,0,0,-1,0,0.0087,-0.7497,0.3909,1]},
{"frame":53,"values":[1,0,0,0,0,1,0,0,0,0,-1,0,-0.004,-0.7706,0.3764,1]},
{"frame":54,"values":[1,0,0,0,0,1,0,0,0,0,-1,0,-0.0152,-0.7952,0.3637,1]},
{"frame":55,"values":[1,0,0,0,0,1,0,0,0,0,-1,0,-0.0225,-0.8212,0.3553,1]},
{"frame":56,"values":[1,0,0,0,0,1,0,0,0,0,-1,0,-0.025,-0.8466,0.3525,1]},
{"frame":57,"values":[1,0,0,0,0,1,-0.0034,0,0,-0.0034,-1,0,-0.025,-0.8758,0.353,1]},
{"frame":58,"values":[1,0,0,0,0,0.9999,-0.0135,0,0,-0.0135,-0.9999,0,-0.025,-0.9135,0.3547,1]},
{"frame":59,"values":[1,0,0,0,0,0.9996,-0.0294,0,0,-0.0294,-0.9996,0,-0.025,-0.9574,0.3575,1]},
{"frame":60,"values":[1,0,0,0,0,0.9988,-0.0488,0,0,-0.0488,-0.9988,0,-0.025,-1.0028,0.3613,1]},
{"frame":61,"values":[1,0,0,0,0,0.9977,-0.0682,0,0,-0.0682,-0.9977,0,-0.025,-1.0439,0.3658,1]},
{"frame":62,"values":[1,0,0,0,0,0.9965,-0.084,0,0,-0.084,-0.9965,0,-0.025,-1.0756,0.3706,1]},
{"frame":63,"values":[1,0,0,0,0,0.9956,-0.0941,0,0,-0.0941,-0.9956,0,-0.025,-1.0949,0.3751,1]},
{"frame":64,"values":[1,0,0,0,0,0.9952,-0.0975,0,0,-0.0975,-0.9952,0,-0.025,-1.1011,0.3793,1]},
{"frame":65,"values":[1,0,0,0,0,0.9956,-0.0941,0,0,-0.0941,-0.9956,0,-0.0231,-1.0819,0.3837,1]},
{"frame":66,"values":[1,0,0,0,0,0.9965,-0.084,0,0,-0.084,-0.9965,0,-0.0174,-1.0243,0.3892,1]},
{"frame":67,"values":[1,0,0,0,0,0.9977,-0.0682,0,0,-0.0682,-0.9977,0,-0.0085,-0.9338,0.3954,1]},
{"frame":68,"values":[1,0,0,0,0,0.9988,-0.0488,0,0,-0.0488,-0.9988,0,0.0024,-0.8235,0.4016,1]},
{"frame":69,"values":[1,0,0,0,0,0.9996,-0.0294,0,0,-0.0294,-0.9996,0,0.0132,-0.7132,0.4072,1]},
{"frame":70,"values":[1,0,0,0,0,0.9999,-0.0135,0,0,-0.0135,-0.9999,0,0.0222,-0.6227,0.4114,1]},
{"frame":71,"values":[1,0,0,0,0,1,-0.0034,0,0,-0.0034,-1,0,0.0278,-0.5652,0.414,1]}],"loopBehavior":1,"name":"anim","property":"_matrix"}},
{"name":"chest","index":1,"matrix":[0.9977,-0.0266,0.0624,0,0.0255,0.9995,0.0188,0,-0.0629,-0.0172,0.9979,0,0,1,0,1],"rest":[1,0,0,0,0,1,0,0,0,0,1,0,0,1,0,1],"parentBoneIndex":0,"length":1.2611
,"animation":{"dataType":3,"framePerSecond":24,"keys":[
{"frame":9,"values":[0.9977,-0.0266,0.0624,0,0.0255,0.9995,0.0188,0,-0.0629,-0.0172,0.9979,0,0,1,0,1]},
{"frame":26,"values":[0.9978,-0.0262,0.0613,0,0.0251,0.9995,0.0188,0,-0.0618,-0.0172,0.9979,0,0,1,0,1]},
{"frame":27,"values":[0.998,-0.0248,0.0581,0,0.0238,0.9995,0.0187,0,-0.0585,-0.0173,0.9981,0,0,1,0,1]},
{"frame":28,"values":[0.9984,-0.0225,0.0527,0,0.0215,0.9996,0.0186,0,-0.0531,-0.0174,0.9984,0,0,1,0,1]},
{"frame":29,"values":[0.9988,-0.0193,0.0452,0,0.0185,0.9997,0.0185,0,-0.0455,-0.0176,0.9988,0,0,1,0,1]},
{"frame":30,"values":[0.9992,-0.0153,0.0358,0,0.0146,0.9997,0.0183,0,-0.0361,-0.0178,0.9992,0,0,1,0,1]},
{"frame":31,"values":[0.9996,-0.0106,0.0248,0,0.0101,0.9998,0.0182,0,-0.025,-0.0179,0.9995,0,0,1,0,1]},
{"frame":32,"values":[0.9999,-0.0054,0.0127,0,0.0052,0.9998,0.0181,0,-0.0128,-0.018,0.9998,0,0,1,0,1]},
{"frame":33,"values":[1,0,0,0,0,0.9998,0.018,0,0,-0.018,0.9998,0,0,1,0,1]},
{"frame":34,"values":[0.9999,0.0054,-0.0127,0,-0.0052,0.9998,0.0181,0,0.0128,-0.018,0.9998,0,0,1,0,1]},
{"frame":35,"values":[0.9996,0.0106,-0.0248,0,-0.0101,0.9998,0.0182,0,0.025,-0.0179,0.9995,0,0,1,0,1]},
{"frame":36,"values":[0.9992,0.0153,-0.0358,0,-0.0146,0.9997,0.0183,0,0.0361,-0.0178,0.9992,0,0,1,0,1]},
{"frame":37,"values":[0.9988,0.0193,-0.0452,0,-0.0185,0.9997,0.0185,0,0.0455,-0.0176,0.9988,0,0,1,0,1]},
{"frame":38,"values":[0.9984,0.0225,-0.0527,0,-0.0215,0.9996,0.0186,0,0.0531,-0.0174,0.9984,0,0,1,0,1]},
{"frame":39,"values":[0.998,0.0248,-0.0581,0,-0.0238,0.9995,0.0187,0,0.0585,-0.0173,0.9981,0,0,1,0,1]},
{"frame":40,"values":[0.9978,0.0262,-0.0613,0,-0.0251,0.9995,0.0188,0,0.0618,-0.0172,0.9979,0,0,1,0,1]},
{"frame":41,"values":[0.9977,0.0266,-0.0624,0,-0.0255,0.9995,0.0188,0,0.0629,-0.0172,0.9979,0,0,1,0,1]},
{"frame":50,"values":[0.9981,0.0227,-0.0567,0,-0.0216,0.9996,0.0186,0,0.0571,-0.0173,0.9982,0,0,1,0,1]},
{"frame":51,"values":[0.9991,0.0107,-0.04,0,-0.01,0.9998,0.018,0,0.0402,-0.0175,0.999,0,0,1,0,1]},
{"frame":52,"values":[0.9999,-0.0078,-0.0144,0,0.008,0.9998,0.0174,0,0.0143,-0.0175,0.9997,0,0,1,0,1]},
{"frame":53,"values":[0.9995,-0.0294,0.0146,0,0.0291,0.9994,0.0173,0,-0.0151,-0.0169,0.9997,0,0,1,0,1]},
{"frame":54,"values":[0.998,-0.0493,0.0402,0,0.0487,0.9987,0.0177,0,-0.041,-0.0158,0.999,0,0,1,0,1]},
{"frame":55,"values":[0.9963,-0.064,0.0569,0,0.063,0.9978,0.0184,0,-0.0579,-0.0147,0.9982,0,0,1,0,1]},
{"frame":56,"values":[0.9955,-0.0715,0.0625,0,0.0705,0.9973,0.0187,0,-0.0637,-0.0142,0.9979,0,0,1,0,1]},
{"frame":57,"values":[0.9952,-0.0758,0.0614,0,0.0738,0.9967,0.0342,0,-0.0638,-0.0296,0.9975,0,0,1,0,1]},
{"frame":58,"values":[0.9951,-0.0803,0.0578,0,0.0756,0.9939,0.0805,0,-0.0639,-0.0757,0.9951,0,0,1,0,1]},
{"frame":59,"values":[0.995,-0.0848,0.0519,0,0.0759,0.9853,0.1531,0,-0.0641,-0.1484,0.9869,0,0,1,0,1]},
{"frame":60,"values":[0.9951,-0.0883,0.0445,0,0.0751,0.9677,0.2406,0,-0.0643,-0.2361,0.9696,0,0,1,0,1]},
{"frame":61,"values":[0.9952,-0.0905,0.0368,0,0.0736,0.9424,0.3262,0,-0.0642,-0.322,0.9446,0,0,1,0,1]},
{"frame":62,"values":[0.9953,-0.0914,0.0305,0,0.072,0.9161,0.3944,0,-0.064,-0.3903,0.9184,0,0,1,0,1]},
{"frame":63,"values":[0.9954,-0.0916,0.0266,0,0.0709,0.897,0.4364,0,-0.0638,-0.4325,0.8994,0,0,1,0,1]},
{"frame":64,"values":[0.9955,-0.0916,0.0252,0,0.0705,0.8901,0.4502,0,-0.0637,-0.4464,0.8926,0,0,1,0,1]},
{"frame":71,"values":[0.9955,-0.0916,0.0252,0,0.0705,0.8901,0.4502,0,-0.0637,-0.4464,0.8926,0,0,1,0,1]}],"loopBehavior":1,"name":"anim","property":"_matrix"}},
{"name":"head","index":2,"matrix":[0.9929,-0.0404,-0.1117,0,0.0487,0.9962,0.0724,0,0.1083,-0.0773,0.9911,0,0,1.2611,0,1],"rest":[1,0,0,0,0,0.9162,0.4008,0,0,-0.4008,0.9162,0,0,1.2611,0,1],"parentBoneIndex":1,"length":0.7979
,"animation":{"dataType":3,"framePerSecond":24,"keys":[
{"frame":9,"values":[0.9929,-0.0404,-0.1117,0,0.0487,0.9962,0.0724,0,0.1083,-0.0773,0.9911,0,0,1.2611,0,1]},
{"frame":71,"values":[0.9929,-0.0404,-0.1117,0,0.0487,0.9962,0.0724,0,0.1083,-0.0773,0.9911,0,0,1.2611,0,1]}],"loopBehavior":1,"name":"anim","property":"_matrix"}},
{"name":"L.arm IK","index":3,"matrix":[1,0,0,0,0,0,1,0,0,1,0,0,2.7157,0.1274,-0.4075,1],"rest":[1,0,0,0,0,0,1,0,0,1,0,0,2.7157,0.1274,-0.4075,1],"parentBoneIndex":-1,"length":0.9868
,"animation":{"dataType":3,"framePerSecond":24,"keys":[
{"frame":9,"values":[1,0,0,0,0,0,1,0,0,1,0,0,2.7157,0.1274,-0.4075,1]},
{"frame":10,"values":[1,0,0,0,0,0,1,0,0,1,0,0,2.6783,0.0924,-0.3624,1]},
{"frame":11,"values":[1,0,0,0,0,0,1,0,0,1,0,0,2.5655,-0.0122,-0.2276,1]},
{"frame":12,"values":[1,0,0,0,0,0,1,0,0,1,0,0,2.3854,-0.177,-0.0155,1]},
{"frame":13,"values":[1,0,0,0,0,0,1,0,0,1,0,0,2.1611,-0.3776,0.2429,1]},
{"frame":14,"values":[1,0,0,0,0,0,1,0,0,1,0,0,1.9286,-0.5783,0.5014,1]},
{"frame":15,"values":[1,0,0,0,0,0,1,0,0,1,0,0,1.7254,-0.743,0.7135,1]},
{"frame":16,"values":[1,0,0,0,0,0,1,0,0,1,0,0,1.5775,-0.8476,0.8483,1]},
{"frame":17,"values":[1,0,0,0,0,0,1,0,0,1,0,0,1.4964,-0.8827,0.8934,1]},
{"frame":18,"values":[1,0,0,0,0,0,1,0,0,1,0,0,1.4525,-0.8807,0.8809,1]},
{"frame":19,"values":[1,0,0,0,0,0,1,0,0,1,0,0,1.4157,-0.8744,0.8417,1]},
{"frame":20,"values":[1,0,0,0,0,0,1,0,0,1,0,0,1.3874,-0.8632,0.7752,1]},
{"frame":21,"values":[1,0,0,0,0,0,1,0,0,1,0,0,1.368,-0.8469,0.685,1]},
{"frame":22,"values":[1,0,0,0,0,0,1,0,0,1,0,0,1.3568,-0.8264,0.5796,1]},
{"frame":23,"values":[1,0,0,0,0,0,1,0,0,1,0,0,1.3515,-0.8031,0.4699,1]},
{"frame":24,"values":[1,0,0,0,0,0,1,0,0,1,0,0,1.3499,-0.7786,0.3651,1]},
{"frame":25,"values":[1,0,0,0,0,0,1,0,0,1,0,0,1.3497,-0.7539,0.271,1]},
{"frame":26,"values":[1,0,0,0,0,0,1,0,0,1,0,0,1.3535,-0.7246,0.1714,1]},
{"frame":27,"values":[1,0,0,0,0,0,1,0,0,1,0,0,1.365,-0.6863,0.0502,1]},
{"frame":28,"values":[1,0,0,0,0,0,1,0,0,1,0,0,1.384,-0.6413,-0.0855,1]},
{"frame":29,"values":[1,0,0,0,0,0,1,0,0,1,0,0,1.4083,-0.5943,-0.2224,1]},
{"frame":30,"values":[1,0,0,0,0,0,1,0,0,1,0,0,1.4349,-0.5516,-0.3442,1]},
{"frame":31,"values":[1,0,0,0,0,0,1,0,0,1,0,0,1.4599,-0.5186,-0.4367,1]},
{"frame":32,"values":[1,0,0,0,0,0,1,0,0,1,0,0,1.4809,-0.4985,-0.4924,1]},
{"frame":33,"values":[1,0,0,0,0,0,1,0,0,1,0,0,1.4964,-0.4919,-0.5104,1]},
{"frame":34,"values":[1,0,0,0,0,0,1,0,0,1,0,0,1.5086,-0.4949,-0.4901,1]},
{"frame":35,"values":[1,0,0,0,0,0,1,0,0,1,0,0,1.52,-0.5042,-0.4276,1]},
{"frame":36,"values":[1,0,0,0,0,0,1,0,0,1,0,0,1.53,-0.5201,-0.3243,1]},
{"frame":37,"values":[1,0,0,0,0,0,1,0,0,1,0,0,1.5381,-0.5421,-0.1893,1]},
{"frame":38,"values":[1,0,0,0,0,0,1,0,0,1,0,0,1.5441,-0.5683,-0.0392,1]},
{"frame":39,"values":[1,0,0,0,0,0,1,0,0,1,0,0,1.5479,-0.5963,0.1073,1]},
{"frame":40,"values":[1,0,0,0,0,0,1,0,0,1,0,0,1.5499,-0.6239,0.2354,1]},
{"frame":41,"values":[1,0,0,0,0,0,1,0,0,1,0,0,1.5505,-0.6495,0.3373,1]},
{"frame":42,"values":[1,0,0,0,0,0,1,0,0,1,0,0,1.5486,-0.6778,0.4291,1]},
{"frame":43,"values":[1,0,0,0,0,0,1,0,0,1,0,0,1.543,-0.7132,0.527,1]},
{"frame":44,"values":[1,0,0,0,0,0,1,0,0,1,0,0,1.5342,-0.7535,0.6259,1]},
{"frame":45,"values":[1,0,0,0,0,0,1,0,0,1,0,0,1.5234,-0.7947,0.7181,1]},
{"frame":46,"values":[1,0,0,0,0,0,1,0,0,1,0,0,1.5127,-0.8317,0.7952,1]},
{"frame":47,"values":[1,0,0,0,0,0,1,0,0,1,0,0,1.5039,-0.86,0.8509,1]},
{"frame":48,"values":[1,0,0,0,0,0,1,0,0,1,0,0,1.4983,-0.8771,0.8832,1]},
{"frame":49,"values":[1,0,0,0,0,0,1,0,0,1,0,0,1.4964,-0.8827,0.8934,1]},
{"frame":50,"values":[1,0.0001,0.0001,0,-0.0001,0,1,0,-0.0001,1,0,0,1.5192,-0.7503,0.846,1]},
{"frame":51,"values":[1,0.0004,0.0005,0,-0.0005,0,1,0,-0.0004,1,0,0,1.5869,-0.3588,0.7006,1]},
{"frame":52,"values":[1,0.0009,0.0012,0,-0.0012,0.0001,1,0,-0.0009,1,-0.0001,0,1.6899,0.2377,0.4654,1]},
{"frame":53,"values":[1,0.0015,0.0019,0,-0.0019,0.0001,1,0,-0.0015,1,-0.0001,0,1.8068,0.9142,0.1727,1]},
{"frame":54,"values":[1,0.002,0.0025,0,-0.0025,0.0002,1,0,-0.002,1,-0.0002,0,1.9098,1.5107,-0.1286,1]},
{"frame":55,"values":[1,0.0023,0.0029,0,-0.0029,0.0002,1,0,-0.0023,1,-0.0002,0,1.9774,1.9022,-0.3947,1]},
{"frame":56,"values":[1,0.0024,0.003,0,-0.003,0.0002,1,0,-0.0024,1,-0.0002,0,2.0003,2.0346,-0.6007,1]},
{"frame":57,"values":[1,0.0021,-0.0063,0,0.0063,0,1,0,-0.0021,1,0,0,1.9692,1.9196,-0.7801,1]},
{"frame":58,"values":[0.9994,0.0013,-0.034,0,0.034,-0.0007,0.9994,0,-0.0013,1,0.0007,0,1.8766,1.5763,-0.9689,1]},
{"frame":59,"values":[0.997,0.0001,-0.0776,0,0.0776,-0.0018,0.997,0,0.0001,1,0.0018,0,1.7308,1.0359,-1.1573,1]},
{"frame":60,"values":[0.9914,-0.0014,-0.1307,0,0.1307,-0.0032,0.9914,0,0.0018,1,0.003,0,1.5532,0.3776,-1.3312,1]},
{"frame":61,"values":[0.983,-0.0027,-0.1834,0,0.1834,-0.0047,0.983,0,0.0035,1,0.0041,0,1.3756,-0.2807,-1.4752,1]},
{"frame":62,"values":[0.9741,-0.0038,-0.2262,0,0.2262,-0.006,0.9741,0,0.005,1,0.005,0,1.2298,-0.8211,-1.5786,1]},
{"frame":63,"values":[0.9674,-0.0044,-0.2531,0,0.2531,-0.0068,0.9674,0,0.006,1,0.0055,0,1.1372,-1.1644,-1.6383,1]},
{"frame":64,"values":[0.965,-0.0046,-0.2621,0,0.2621,-0.0071,0.965,0,0.0063,1,0.0056,0,1.1061,-1.2794,-1.6569,1]},
{"frame":65,"values":[0.9674,-0.0045,-0.2532,0,0.2532,-0.0068,0.9674,0,0.0061,1,0.0055,0,1.162,-1.2306,-1.6136,1]},
{"frame":66,"values":[0.974,-0.0041,-0.2266,0,0.2266,-0.006,0.974,0,0.0054,1,0.005,0,1.3287,-1.0849,-1.4842,1]},
{"frame":67,"values":[0.9829,-0.0034,-0.1843,0,0.1843,-0.0048,0.9829,0,0.0043,1,0.0041,0,1.5912,-0.8555,-1.2804,1]},
{"frame":68,"values":[0.9912,-0.0026,-0.1322,0,0.1322,-0.0034,0.9912,0,0.003,1,0.003,0,1.9109,-0.576,-1.0322,1]},
{"frame":69,"values":[0.9968,-0.0016,-0.0798,0,0.0798,-0.002,0.9968,0,0.0017,1,0.0019,0,2.2307,-0.2965,-0.7841,1]},
{"frame":70,"values":[0.9993,-0.0007,-0.0366,0,0.0366,-0.0009,0.9993,0,0.0008,1,0.0009,0,2.4931,-0.0671,-0.5803,1]},
{"frame":71,"values":[1,-0.0002,-0.0092,0,0.0092,-0.0002,1,0,0.0002,1,0.0002,0,2.6599,0.0786,-0.4509,1]}],"loopBehavior":1,"name":"anim","property":"_matrix"}},
{"name":"L.foot IK","index":4,"matrix":[1,0,0,0,0,0,1,0,0,1,0,0,0.6815,-2.1686,0.4929,1],"rest":[1,0,0,0,0,0,1,0,0,1,0,0,0.8757,-2.1686,0.4929,1],"parentBoneIndex":-1,"length":0.9868
,"animation":{"dataType":3,"framePerSecond":24,"keys":[
{"frame":9,"values":[1,0,0,0,0,0,1,0,0,1,0,0,0.6815,-2.1686,0.4929,1]},
{"frame":10,"values":[1,0,0,0,0,-0.0049,1,0,0,1,0.0049,0,0.6804,-2.1684,0.4627,1]},
{"frame":11,"values":[1,0,0,0,0,-0.0194,0.9998,0,0,0.9998,0.0194,0,0.6768,-2.1679,0.3725,1]},
{"frame":12,"values":[1,0,0,0,0,-0.0422,0.9991,0,0,0.9991,0.0422,0,0.6713,-2.1671,0.2306,1]},
{"frame":13,"values":[1,0,0,0,0,-0.0701,0.9975,0,0,0.9975,0.0701,0,0.6646,-2.1661,0.0577,1]},
{"frame":14,"values":[1,0,0,0,0,-0.0978,0.9952,0,0,0.9952,0.0978,0,0.6579,-2.1651,-0.1151,1]},
{"frame":15,"values":[1,0,0,0,0,-0.1205,0.9927,0,0,0.9927,0.1205,0,0.6524,-2.1643,-0.2571,1]},
{"frame":16,"values":[1,0,0,0,0,-0.1349,0.9909,0,0,0.9909,0.1349,0,0.6489,-2.1638,-0.3472,1]},
{"frame":17,"values":[1,0,0,0,0,-0.1398,0.9902,0,0,0.9902,0.1398,0,0.6477,-2.1636,-0.3774,1]},
{"frame":18,"values":[1,0,0,0,0,-0.1398,0.9902,0,0,0.9902,0.1398,0,0.6477,-2.1672,-0.3692,1]},
{"frame":19,"values":[1,0,0,0,0,-0.1398,0.9902,0,0,0.9902,0.1398,0,0.6477,-2.178,-0.3427,1]},
{"frame":20,"values":[1,0,0,0,0,-0.1398,0.9902,0,0,0.9902,0.1398,0,0.6477,-2.1949,-0.2958,1]},
{"frame":21,"values":[1,0,0,0,0,-0.1398,0.9902,0,0,0.9902,0.1398,0,0.6477,-2.2156,-0.2292,1]},
{"frame":22,"values":[1,0,0,0,0,-0.1398,0.9902,0,0,0.9902,0.1398,0,0.6477,-2.2362,-0.1467,1]},
{"frame":23,"values":[1,0,0,0,0,-0.1398,0.9902,0,0,0.9902,0.1398,0,0.6477,-2.2532,-0.0546,1]},
{"frame":24,"values":[1,0,0,0,0,-0.1398,0.9902,0,0,0.9902,0.1398,0,0.6477,-2.2639,0.0406,1]},
{"frame":25,"values":[1,0,0,0,0,-0.1398,0.9902,0,0,0.9902,0.1398,0,0.6477,-2.2675,0.1343,1]},
{"frame":26,"values":[1,0,0,0,0,-0.1349,0.9909,0,0,0.9909,0.1349,0,0.6482,-2.2634,0.2436,1]},
{"frame":27,"values":[1,0,0,0,0,-0.1205,0.9927,0,0,0.9927,0.1205,0,0.6497,-2.2505,0.3852,1]},
{"frame":28,"values":[1,0,0,0,0,-0.0978,0.9952,0,0,0.9952,0.0978,0,0.6521,-2.2287,0.5503,1]},
{"frame":29,"values":[1,0,0,0,0,-0.0701,0.9975,0,0,0.9975,0.0701,0,0.6551,-2.1995,0.7217,1]},
{"frame":30,"values":[1,0,0,0,0,-0.0422,0.9991,0,0,0.9991,0.0422,0,0.658,-2.1659,0.8772,1]},
{"frame":31,"values":[1,0,0,0,0,-0.0194,0.9998,0,0,0.9998,0.0194,0,0.6604,-2.1314,0.997,1]},
{"frame":32,"values":[1,0,0,0,0,-0.0049,1,0,0,1,0.0049,0,0.6619,-2.0993,1.0699,1]},
{"frame":33,"values":[1,0,0,0,0,0,1,0,0,1,0,0,0.6624,-2.0711,1.0936,1]},
{"frame":34,"values":[1,0,0,0,0,0,1,0,0,1,0,0,0.6624,-2.0424,1.0902,1]},
{"frame":35,"values":[1,0,0,0,0,0,1,0,0,1,0,0,0.6624,-2.0082,1.0777,1]},
{"frame":36,"values":[1,0,0,0,0,0,1,0,0,1,0,0,0.6624,-1.9705,1.053,1]},
{"frame":37,"values":[1,0,0,0,0,0,1,0,0,1,0,0,0.6624,-1.933,1.0134,1]},
{"frame":38,"values":[1,0,0,0,0,0,1,0,0,1,0,0,0.6624,-1.9,0.9579,1]},
{"frame":39,"values":[1,0,0,0,0,0,1,0,0,1,0,0,0.6624,-1.875,0.888,1]},
{"frame":40,"values":[1,0,0,0,0,0,1,0,0,1,0,0,0.6624,-1.8601,0.8068,1]},
{"frame":41,"values":[1,0,0,0,0,0,1,0,0,1,0,0,0.6624,-1.8553,0.7178,1]},
{"frame":42,"values":[1,0,0,0,0,-0.0049,1,0,0,1,0.0049,0,0.6619,-1.8658,0.6038,1]},
{"frame":43,"values":[1,0,0,0,0,-0.0194,0.9998,0,0,0.9998,0.0194,0,0.6604,-1.8972,0.4482,1]},
{"frame":44,"values":[1,0,0,0,0,-0.0422,0.9991,0,0,0.9991,0.0422,0,0.658,-1.9467,0.2609,1]},
{"frame":45,"values":[1,0,0,0,0,-0.0701,0.9975,0,0,0.9975,0.0701,0,0.6551,-2.0073,0.0625,1]},
{"frame":46,"values":[1,0,0,0,0,-0.0978,0.9952,0,0,0.9952,0.0978,0,0.6521,-2.0682,-0.12,1]},
{"frame":47,"values":[1,0,0,0,0,-0.1205,0.9927,0,0,0.9927,0.1205,0,0.6497,-2.1186,-0.262,1]},
{"frame":48,"values":[1,0,0,0,0,-0.1349,0.9909,0,0,0.9909,0.1349,0,0.6482,-2.1514,-0.349,1]},
{"frame":49,"values":[1,0,0,0,0,-0.1398,0.9902,0,0,0.9902,0.1398,0,0.6477,-2.1636,-0.3774,1]},
{"frame":50,"values":[1,0,0,0,0,-0.1335,0.9911,0,0,0.9911,0.1335,0,0.6492,-2.1653,-0.3298,1]},
{"frame":51,"values":[1,0,0,0,0,-0.1148,0.9934,0,0,0.9934,0.1148,0,0.6538,-2.1666,-0.1849,1]},
{"frame":52,"values":[1,0,0,0,0,-0.0863,0.9963,0,0,0.9963,0.0863,0,0.6607,-2.1676,0.0459,1]},
{"frame":53,"values":[1,0,0,0,0,-0.0538,0.9986,0,0,0.9986,0.0538,0,0.6685,-2.1682,0.3269,1]},
{"frame":54,"values":[1,0,0,0,0,-0.0252,0.9997,0,0,0.9997,0.0252,0,0.6755,-2.1685,0.6067,1]},
{"frame":55,"values":[1,0,0,0,0,-0.0064,1,0,0,1,0.0064,0,0.68,-2.1685,0.841,1]},
{"frame":56,"values":[1,0,0,0,0,0,1,0,0,1,0,0,0.6815,-2.1686,1.0064,1]},
{"frame":57,"values":[1,0,0,0,0,0,1,0,0,1,0,0,0.6815,-2.1676,1.1286,1]},
{"frame":58,"values":[1,0,0,0,0,0,1,0,0,1,0,0,0.6815,-2.1649,1.236,1]},
{"frame":59,"values":[1,0,0,0,0,0,1,0,0,1,0,0,0.6815,-2.1605,1.3245,1]},
{"frame":60,"values":[1,0,0,0,0,0,1,0,0,1,0,0,0.6815,-2.1552,1.391,1]},
{"frame":61,"values":[1,0,0,0,0,0,1,0,0,1,0,0,0.6815,-2.1498,1.4353,1]},
{"frame":62,"values":[1,0,0,0,0,0,1,0,0,1,0,0,0.6815,-2.1455,1.4607,1]},
{"frame":63,"values":[1,0,0,0,0,0,1,0,0,1,0,0,0.6815,-2.1427,1.4724,1]},
{"frame":64,"values":[1,0,0,0,0,0,1,0,0,1,0,0,0.6815,-2.1418,1.4753,1]},
{"frame":65,"values":[1,0,0,0,0,0,1,0,0,1,0,0,0.6815,-2.1427,1.4412,1]},
{"frame":66,"values":[1,0,0,0,0,0,1,0,0,1,0,0,0.6815,-2.1455,1.3395,1]},
{"frame":67,"values":[1,0,0,0,0,0,1,0,0,1,0,0,0.6815,-2.1498,1.1793,1]},
{"frame":68,"values":[1,0,0,0,0,0,1,0,0,1,0,0,0.6815,-2.1552,0.9841,1]},
{"frame":69,"values":[1,0,0,0,0,0,1,0,0,1,0,0,0.6815,-2.1605,0.7889,1]},
{"frame":70,"values":[1,0,0,0,0,0,1,0,0,1,0,0,0.6815,-2.1649,0.6287,1]},
{"frame":71,"values":[1,0,0,0,0,0,1,0,0,1,0,0,0.6815,-2.1676,0.5269,1]}],"loopBehavior":1,"name":"anim","property":"_matrix"}},
{"name":"L.elbow","index":5,"matrix":[1,0,0,0,0,1,0,0,0,0,-1,0,1.88,0.4434,-0.6702,1],"rest":[1,0,0,0,0,1,0,0,0,0,-1,0,1.88,0.4434,-0.6702,1],"parentBoneIndex":-1,"length":0.7002
,"animation":{"dataType":3,"framePerSecond":24,"keys":[
{"frame":9,"values":[1,0,0,0,0,1,0,0,0,0,-1,0,1.88,0.4434,-0.6702,1]},
{"frame":10,"values":[1,0,0,0,0,1,0,0,0,0,-1,0,1.8334,0.419,-0.6702,1]},
{"frame":11,"values":[1,0,0,0,0,1,0,0,0,0,-1,0,1.6942,0.346,-0.6702,1]},
{"frame":12,"values":[1,0,0,0,0,1,0,0,0,0,-1,0,1.475,0.2312,-0.6702,1]},
{"frame":13,"values":[1,0,0,0,0,1,0,0,0,0,-1,0,1.208,0.0913,-0.6702,1]},
{"frame":14,"values":[1,0,0,0,0,1,0,0,0,0,-1,0,0.9411,-0.0487,-0.6702,1]},
{"frame":15,"values":[1,0,0,0,0,1,0,0,0,0,-1,0,0.7219,-0.1635,-0.6702,1]},
{"frame":16,"values":[1,0,0,0,0,1,0,0,0,0,-1,0,0.5827,-0.2365,-0.6702,1]},
{"frame":17,"values":[1,0,0,0,0,1,0,0,0,0,-1,0,0.5361,-0.2609,-0.6702,1]},
{"frame":18,"values":[1,0,0,0,0,1,0,0,0,0,-1,0,0.5456,-0.2576,-0.6702,1]},
{"frame":19,"values":[1,0,0,0,0,1,0,0,0,0,-1,0,0.5741,-0.2477,-0.6702,1]},
{"frame":20,"values":[1,0,0,0,0,1,0,0,0,0,-1,0,0.6189,-0.2321,-0.6702,1]},
{"frame":21,"values":[1,0,0,0,0,1,0,0,0,0,-1,0,0.6736,-0.2131,-0.6702,1]},
{"frame":22,"values":[1,0,0,0,0,1,0,0,0,0,-1,0,0.7282,-0.1942,-0.6702,1]},
{"frame":23,"values":[1,0,0,0,0,1,0,0,0,0,-1,0,0.773,-0.1786,-0.6702,1]},
{"frame":24,"values":[1,0,0,0,0,1,0,0,0,0,-1,0,0.8015,-0.1687,-0.6702,1]},
{"frame":25,"values":[1,0,0,0,0,1,0,0,0,0,-1,0,0.8111,-0.1654,-0.6702,1]},
{"frame":26,"values":[1,0,0,0,0,1,0,0,0,0,-1,0,0.8015,-0.1677,-0.6702,1]},
{"frame":27,"values":[1,0,0,0,0,1,0,0,0,0,-1,0,0.773,-0.175,-0.6702,1]},
{"frame":28,"values":[1,0,0,0,0,1,0,0,0,0,-1,0,0.7282,-0.1869,-0.6702,1]},
{"frame":29,"values":[1,0,0,0,0,1,0,0,0,0,-1,0,0.6736,-0.2024,-0.6702,1]},
{"frame":30,"values":[1,0,0,0,0,1,0,0,0,0,-1,0,0.6189,-0.2195,-0.6702,1]},
{"frame":31,"values":[1,0,0,0,0,1,0,0,0,0,-1,0,0.5741,-0.2359,-0.6702,1]},
{"frame":32,"values":[1,0,0,0,0,1,0,0,0,0,-1,0,0.5456,-0.25,-0.6702,1]},
{"frame":33,"values":[1,0,0,0,0,1,0,0,0,0,-1,0,0.5361,-0.2609,-0.6702,1]},
{"frame":34,"values":[1,0,0,0,0,1,0,0,0,0,-1,0,0.5381,-0.2703,-0.6702,1]},
{"frame":35,"values":[1,0,0,0,0,1,0,0,0,0,-1,0,0.5443,-0.2798,-0.6702,1]},
{"frame":36,"values":[1,0,0,0,0,1,0,0,0,0,-1,0,0.5541,-0.2891,-0.6702,1]},
{"frame":37,"values":[1,0,0,0,0,1,0,0,0,0,-1,0,0.566,-0.2973,-0.6702,1]},
{"frame":38,"values":[1,0,0,0,0,1,0,0,0,0,-1,0,0.5778,-0.304,-0.6702,1]},
{"frame":39,"values":[1,0,0,0,0,1,0,0,0,0,-1,0,0.5876,-0.3088,-0.6702,1]},
{"frame":40,"values":[1,0,0,0,0,1,0,0,0,0,-1,0,0.5938,-0.3114,-0.6702,1]},
{"frame":41,"values":[1,0,0,0,0,1,0,0,0,0,-1,0,0.5959,-0.3123,-0.6702,1]},
{"frame":42,"values":[1,0,0,0,0,1,0,0,0,0,-1,0,0.5958,-0.3122,-0.6702,1]},
{"frame":43,"values":[1,0,0,0,0,1,0,0,0,0,-1,0,0.5951,-0.3116,-0.6702,1]},
{"frame":44,"values":[1,0,0,0,0,1,0,0,0,0,-1,0,0.593,-0.3098,-0.6702,1]},
{"frame":45,"values":[1,0,0,0,0,1,0,0,0,0,-1,0,0.5884,-0.3058,-0.6702,1]},
{"frame":46,"values":[1,0,0,0,0,1,0,0,0,0,-1,0,0.5805,-0.2991,-0.6702,1]},
{"frame":47,"values":[1,0,0,0,0,1,0,0,0,0,-1,0,0.5689,-0.2892,-0.6702,1]},
{"frame":48,"values":[1,0,0,0,0,1,0,0,0,0,-1,0,0.5539,-0.2763,-0.6702,1]},
{"frame":49,"values":[1,0,0,0,0,1,0,0,0,0,-1,0,0.5361,-0.2609,-0.6702,1]},
{"frame":50,"values":[1,0,0,0,0,1,0,0,0,0,-1,0,0.4866,-0.0931,-0.6541,1]},
{"frame":51,"values":[1,0,0,0,0,1,0,0,0,0,-1,0,0.3786,0.3706,-0.6063,1]},
{"frame":52,"values":[1,0,0,0,0,1,0,0,0,0,-1,0,0.2254,1.0673,-0.5335,1]},
{"frame":53,"values":[1,0,0,0,0,1,0,0,0,0,-1,0,0.0572,1.8528,-0.4509,1]},
{"frame":54,"values":[1,0,0,0,0,1,0,0,0,0,-1,0,-0.0887,2.5432,-0.3781,1]},
{"frame":55,"values":[1,0,0,0,0,1,0,0,0,0,-1,0,-0.1834,2.9955,-0.3303,1]},
{"frame":56,"values":[1,0,0,0,0,1,0,0,0,0,-1,0,-0.2152,3.1482,-0.3142,1]},
{"frame":57,"values":[1,0,0,0,0,1,0,0,0,0,-1,0,-0.213,3.0317,-0.3312,1]},
{"frame":58,"values":[1,0,0,0,0,1,0,0,0,0,-1,0,-0.2036,2.6842,-0.3822,1]},
{"frame":59,"values":[1,0,0,0,0,1,0,0,0,0,-1,0,-0.1815,2.1371,-0.4624,1]},
{"frame":60,"values":[1,0,0,0,0,1,0,0,0,0,-1,0,-0.1409,1.4706,-0.5601,1]},
{"frame":61,"values":[1,0,0,0,0,1,0,0,0,0,-1,0,-0.0778,0.8041,-0.6578,1]},
{"frame":62,"values":[1,0,0,0,0,1,0,0,0,0,-1,0,0.0087,0.257,-0.738,1]},
{"frame":63,"values":[1,0,0,0,0,1,0,0,0,0,-1,0,0.1161,-0.0905,-0.7889,1]},
{"frame":64,"values":[1,0,0,0,0,1,0,0,0,0,-1,0,0.2401,-0.2069,-0.806,1]},
{"frame":65,"values":[1,0,0,0,0,1,0,0,0,0,-1,0,0.4052,-0.1844,-0.8013,1]},
{"frame":66,"values":[1,0,0,0,0,1,0,0,0,0,-1,0,0.6352,-0.117,-0.7872,1]},
{"frame":67,"values":[1,0,0,0,0,1,0,0,0,0,-1,0,0.9149,-0.0109,-0.7651,1]},
{"frame":68,"values":[1,0,0,0,0,1,0,0,0,0,-1,0,1.2134,0.1182,-0.7381,1]},
{"frame":69,"values":[1,0,0,0,0,1,0,0,0,0,-1,0,1.4893,0.2474,-0.7112,1]},
{"frame":70,"values":[1,0,0,0,0,1,0,0,0,0,-1,0,1.7046,0.3535,-0.689,1]},
{"frame":71,"values":[1,0,0,0,0,1,0,0,0,0,-1,0,1.8367,0.4208,-0.6749,1]}],"loopBehavior":1,"name":"anim","property":"_matrix"}},
{"name":"L.upper am","index":6,"matrix":[-0.5784,-0.7589,-0.2993,0,0.8075,-0.5847,-0.0779,0,-0.1159,-0.2868,0.951,0,0.9232,0.9827,-0.2874,1],"rest":[-0.5516,-0.7589,-0.3461,0,0.7973,-0.6017,0.0485,0,-0.245,-0.2492,0.9369,0,0.9232,0.9827,-0.2874,1],"parentBoneIndex":1,"length":1.3095
,"animation":{"dataType":3,"framePerSecond":24,"keys":[
{"frame":9,"values":[-0.5784,-0.7589,-0.2993,0,0.8075,-0.5847,-0.0779,0,-0.1159,-0.2868,0.951,0,0.9232,0.9827,-0.2874,1]},
{"frame":10,"values":[-0.6046,-0.738,-0.2998,0,0.7909,-0.6009,-0.1158,0,-0.0947,-0.3071,0.947,0,0.9232,0.9827,-0.2874,1]},
{"frame":11,"values":[-0.6763,-0.6719,-0.3018,0,0.7351,-0.6414,-0.2195,0,-0.0461,-0.3703,0.9278,0,0.9232,0.9827,-0.2874,1]},
{"frame":12,"values":[-0.7716,-0.5577,-0.306,0,0.6361,-0.683,-0.359,0,-0.0088,-0.4717,0.8817,0,0.9232,0.9827,-0.2874,1]},
{"frame":13,"values":[-0.8598,-0.405,-0.311,0,0.5103,-0.7043,-0.4936,0,-0.0191,-0.5831,0.8122,0,0.9232,0.9827,-0.2874,1]},
{"frame":14,"values":[-0.9171,-0.2448,-0.3146,0,0.3908,-0.707,-0.5894,0,-0.0781,-0.6635,0.7441,0,0.9232,0.9827,-0.2874,1]},
{"frame":15,"values":[-0.9423,-0.1133,-0.3149,0,0.2991,-0.7077,-0.6401,0,-0.1503,-0.6974,0.7008,0,0.9232,0.9827,-0.2874,1]},
{"frame":16,"values":[-0.9505,-0.0279,-0.3094,0,0.2368,-0.7099,-0.6633,0,-0.2011,-0.7037,0.6814,0,0.9232,0.9827,-0.2874,1]},
{"frame":17,"values":[-0.9556,0.0129,-0.2945,0,0.1998,-0.7063,-0.6792,0,-0.2168,-0.7078,0.6723,0,0.9232,0.9827,-0.2874,1]},
{"frame":18,"values":[-0.9616,0.0308,-0.2726,0,0.1742,-0.6989,-0.6937,0,-0.2119,-0.7146,0.6667,0,0.9232,0.9827,-0.2874,1]},
{"frame":19,"values":[-0.9678,0.0435,-0.248,0,0.1492,-0.6946,-0.7038,0,-0.2029,-0.7181,0.6657,0,0.9232,0.9827,-0.2874,1]},
{"frame":20,"values":[-0.9735,0.0506,-0.2229,0,0.1257,-0.6958,-0.7071,0,-0.1909,-0.7164,0.6711,0,0.9232,0.9827,-0.2874,1]},
{"frame":21,"values":[-0.9783,0.0525,-0.2007,0,0.106,-0.7048,-0.7014,0,-0.1783,-0.7074,0.6839,0,0.9232,0.9827,-0.2874,1]},
{"frame":22,"values":[-0.9813,0.05,-0.1858,0,0.0931,-0.7219,-0.6857,0,-0.1684,-0.6902,0.7037,0,0.9232,0.9827,-0.2874,1]},
{"frame":23,"values":[-0.9822,0.0437,-0.1827,0,0.0899,-0.7447,-0.6613,0,-0.165,-0.6659,0.7275,0,0.9232,0.9827,-0.2874,1]},
{"frame":24,"values":[-0.9804,0.0337,-0.194,0,0.0984,-0.7695,-0.631,0,-0.1705,-0.6377,0.7511,0,0.9232,0.9827,-0.2874,1]},
{"frame":25,"values":[-0.9753,0.0196,-0.2202,0,0.1191,-0.7926,-0.598,0,-0.1862,-0.6094,0.7707,0,0.9232,0.9827,-0.2874,1]},
{"frame":26,"values":[-0.9625,-0.006,-0.2713,0,0.1614,-0.8165,-0.5543,0,-0.2182,-0.5773,0.7868,0,0.9232,0.9827,-0.2874,1]},
{"frame":27,"values":[-0.9316,-0.0553,-0.3592,0,0.2374,-0.8409,-0.4864,0,-0.2751,-0.5384,0.7965,0,0.9232,0.9827,-0.2874,1]},
{"frame":28,"values":[-0.8689,-0.1322,-0.4771,0,0.3435,-0.8549,-0.3887,0,-0.3565,-0.5016,0.7882,0,0.9232,0.9827,-0.2874,1]},
{"frame":29,"values":[-0.7659,-0.2271,-0.6015,0,0.4587,-0.8485,-0.2638,0,-0.4505,-0.478,0.7541,0,0.9232,0.9827,-0.2874,1]},
{"frame":30,"values":[-0.6386,-0.3171,-0.7012,0,0.5521,-0.8236,-0.1303,0,-0.5361,-0.4703,0.701,0,0.9232,0.9827,-0.2874,1]},
{"frame":31,"values":[-0.5217,-0.3838,-0.762,0,0.607,-0.7946,-0.0154,0,-0.5995,-0.4705,0.6474,0,0.9232,0.9827,-0.2874,1]},
{"frame":32,"values":[-0.4409,-0.4232,-0.7915,0,0.6295,-0.7744,0.0635,0,-0.6398,-0.4703,0.6078,0,0.9232,0.9827,-0.2874,1]},
{"frame":33,"values":[-0.4034,-0.4396,-0.8025,0,0.6327,-0.7676,0.1024,0,-0.661,-0.4665,0.5878,0,0.9232,0.9827,-0.2874,1]},
{"frame":34,"values":[-0.4053,-0.4367,-0.8031,0,0.6291,-0.7706,0.1016,0,-0.6633,-0.4641,0.5871,0,0.9232,0.9827,-0.2874,1]},
{"frame":35,"values":[-0.444,-0.4147,-0.7943,0,0.6236,-0.7796,0.0584,0,-0.6434,-0.4693,0.6048,0,0.9232,0.9827,-0.2874,1]},
{"frame":36,"values":[-0.5144,-0.3738,-0.7718,0,0.6112,-0.7911,-0.0243,0,-0.6015,-0.4842,0.6354,0,0.9232,0.9827,-0.2874,1]},
{"frame":37,"values":[-0.6018,-0.3189,-0.7322,0,0.5866,-0.7986,-0.1343,0,-0.5419,-0.5104,0.6677,0,0.9232,0.9827,-0.2874,1]},
{"frame":38,"values":[-0.6868,-0.2601,-0.6787,0,0.5498,-0.7967,-0.251,0,-0.4754,-0.5455,0.6902,0,0.9232,0.9827,-0.2874,1]},
{"frame":39,"values":[-0.7555,-0.2078,-0.6213,0,0.5075,-0.7853,-0.3545,0,-0.4142,-0.5832,0.6988,0,0.9232,0.9827,-0.2874,1]},
{"frame":40,"values":[-0.8042,-0.1668,-0.5704,0,0.4677,-0.7699,-0.4342,0,-0.3667,-0.6159,0.6972,0,0.9232,0.9827,-0.2874,1]},
{"frame":41,"values":[-0.8359,-0.1368,-0.5316,0,0.4346,-0.7566,-0.4886,0,-0.3353,-0.6394,0.6919,0,0.9232,0.9827,-0.2874,1]},
{"frame":42,"values":[-0.8594,-0.1104,-0.4992,0,0.4029,-0.7474,-0.5283,0,-0.3148,-0.6551,0.6868,0,0.9232,0.9827,-0.2874,1]},
{"frame":43,"values":[-0.8798,-0.0831,-0.468,0,0.3681,-0.7421,-0.5601,0,-0.3007,-0.6651,0.6835,0,0.9232,0.9827,-0.2874,1]},
{"frame":44,"values":[-0.8958,-0.0576,-0.4406,0,0.3338,-0.7419,-0.5815,0,-0.2934,-0.668,0.6839,0,0.9232,0.9827,-0.2874,1]},
{"frame":45,"values":[-0.9069,-0.0364,-0.4198,0,0.3038,-0.747,-0.5914,0,-0.292,-0.6639,0.6885,0,0.9232,0.9827,-0.2874,1]},
{"frame":46,"values":[-0.9132,-0.021,-0.4069,0,0.281,-0.7557,-0.5916,0,-0.2951,-0.6546,0.696,0,0.9232,0.9827,-0.2874,1]},
{"frame":47,"values":[-0.9157,-0.0113,-0.4016,0,0.2667,-0.7648,-0.5865,0,-0.3006,-0.6442,0.7034,0,0.9232,0.9827,-0.2874,1]},
{"frame":48,"values":[-0.9154,-0.0059,-0.4025,0,0.2604,-0.7712,-0.5809,0,-0.307,-0.6366,0.7075,0,0.9232,0.9827,-0.2874,1]},
{"frame":49,"values":[-0.9131,-0.0036,-0.4077,0,0.2613,-0.7728,-0.5783,0,-0.313,-0.6346,0.7066,0,0.9232,0.9827,-0.2874,1]},
{"frame":50,"values":[-0.9091,-0.0085,-0.4166,0,0.2967,-0.7151,-0.6329,0,-0.2925,-0.699,0.6526,0,0.9232,0.9827,-0.2874,1]},
{"frame":51,"values":[-0.9054,-0.0748,-0.4179,0,0.3855,-0.5573,-0.7355,0,-0.1779,-0.827,0.5334,0,0.9232,0.9827,-0.2874,1]},
{"frame":52,"values":[-0.8923,-0.3403,-0.2967,0,0.4264,-0.4196,-0.8013,0,0.1482,-0.8415,0.5195,0,0.9232,0.9827,-0.2874,1]},
{"frame":53,"values":[-0.7206,-0.6339,0.2808,0,0.4406,-0.7314,-0.5205,0,0.5353,-0.2514,0.8064,0,0.9232,0.9827,-0.2874,1]},
{"frame":54,"values":[-0.5739,-0.5876,0.5704,0,0.7613,-0.6394,0.1073,0,0.3016,0.4958,0.8144,0,0.9232,0.9827,-0.2874,1]},
{"frame":55,"values":[-0.5256,-0.5789,0.6234,0,0.8504,-0.337,0.4041,0,-0.0239,0.7425,0.6694,0,0.9232,0.9827,-0.2874,1]},
{"frame":56,"values":[-0.5307,-0.5864,0.612,0,0.8265,-0.198,0.5269,0,-0.1878,0.7855,0.5897,0,0.9232,0.9827,-0.2874,1]},
{"frame":57,"values":[-0.5784,-0.6012,0.5514,0,0.7842,-0.2236,0.5788,0,-0.2247,0.7672,0.6008,0,0.9232,0.9827,-0.2874,1]},
{"frame":58,"values":[-0.651,-0.622,0.4351,0,0.7328,-0.3654,0.574,0,-0.1981,0.6925,0.6937,0,0.9232,0.9827,-0.2874,1]},
{"frame":59,"values":[-0.6986,-0.6752,0.2369,0,0.6861,-0.5381,0.4896,0,-0.2031,0.5045,0.8392,0,0.9232,0.9827,-0.2874,1]},
{"frame":60,"values":[-0.6304,-0.7745,-0.0526,0,0.6966,-0.5944,0.4019,0,-0.3425,0.2167,0.9142,0,0.9232,0.9827,-0.2874,1]},
{"frame":61,"values":[-0.4232,-0.8498,-0.3142,0,0.7009,-0.5268,0.4809,0,-0.5742,-0.0167,0.8185,0,0.9232,0.9827,-0.2874,1]},
{"frame":62,"values":[-0.203,-0.884,-0.4212,0,0.5933,-0.4532,0.6652,0,-0.779,-0.1149,0.6165,0,0.9232,0.9827,-0.2874,1]},
{"frame":63,"values":[-0.054,-0.9081,-0.4153,0,0.4128,-0.399,0.8188,0,-0.9092,-0.1272,0.3965,0,0.9232,0.9827,-0.2874,1]},
{"frame":64,"values":[0.0003,-0.9226,-0.3858,0,0.2908,-0.3691,0.8827,0,-0.9568,-0.1124,0.2681,0,0.9232,0.9827,-0.2874,1]},
{"frame":65,"values":[-0.0253,-0.9112,-0.4113,0,0.3736,-0.3902,0.8415,0,-0.9273,-0.1323,0.3503,0,0.9232,0.9827,-0.2874,1]},
{"frame":66,"values":[-0.1124,-0.8841,-0.4536,0,0.5408,-0.4374,0.7185,0,-0.8336,-0.1646,0.5272,0,0.9232,0.9827,-0.2874,1]},
{"frame":67,"values":[-0.2825,-0.8474,-0.4496,0,0.6907,-0.5049,0.5177,0,-0.6657,-0.1642,0.7279,0,0.9232,0.9827,-0.2874,1]},
{"frame":68,"values":[-0.4936,-0.8008,-0.3391,0,0.7589,-0.5871,0.2818,0,-0.4248,-0.1182,0.8975,0,0.9232,0.9827,-0.2874,1]},
{"frame":69,"values":[-0.6089,-0.7734,-0.1765,0,0.7725,-0.6287,0.0895,0,-0.1801,-0.0819,0.9802,0,0.9232,0.9827,-0.2874,1]},
{"frame":70,"values":[-0.6152,-0.7854,-0.0683,0,0.7882,-0.6144,-0.0358,0,-0.0139,-0.0759,0.997,0,0.9232,0.9827,-0.2874,1]},
{"frame":71,"values":[-0.5909,-0.8064,-0.0211,0,0.8037,-0.5863,-0.1015,0,0.0695,-0.0769,0.9946,0,0.9232,0.9827,-0.2874,1]}],"loopBehavior":1,"name":"anim","property":"_matrix"}},
{"name":"L.lower arm","index":7,"matrix":[0.3926,-0.6487,0.652,0,-0.2942,0.583,0.7573,0,-0.8714,-0.4891,0.038,0,0,1.3095,0,1],"rest":[0.3636,-0.5831,0.7265,0,-0.2645,0.6831,0.6807,0,-0.8932,-0.4397,0.0942,0,0,1.3095,0,1],"parentBoneIndex":6,"length":1.3724
,"animation":{"dataType":3,"framePerSecond":24,"keys":[
{"frame":9,"values":[0.3926,-0.6487,0.652,0,-0.2942,0.583,0.7573,0,-0.8714,-0.4891,0.038,0,0,1.3095,0,1]},
{"frame":10,"values":[0.4037,-0.6696,0.6235,0,-0.3037,0.5448,0.7817,0,-0.863,-0.5049,0.0166,0,0,1.3095,0,1]},
{"frame":11,"values":[0.4328,-0.7155,0.5484,0,-0.3245,0.4438,0.8353,0,-0.841,-0.5395,-0.0401,0,0,1.3095,0,1]},
{"frame":12,"values":[0.4668,-0.7547,0.4609,0,-0.3423,0.3264,0.8811,0,-0.8154,-0.5691,-0.106,0,0,1.3095,0,1]},
{"frame":13,"values":[0.4884,-0.7727,0.4055,0,-0.3505,0.2518,0.9021,0,-0.7992,-0.5826,-0.1478,0,0,1.3095,0,1]},
{"frame":14,"values":[0.4886,-0.7729,0.4049,0,-0.3505,0.2511,0.9023,0,-0.799,-0.5828,-0.1482,0,0,1.3095,0,1]},
{"frame":15,"values":[0.4741,-0.7614,0.4423,0,-0.3453,0.3013,0.8888,0,-0.8099,-0.5741,-0.1201,0,0,1.3095,0,1]},
{"frame":16,"values":[0.4608,-0.7488,0.4763,0,-0.3396,0.347,0.8742,0,-0.8199,-0.5646,-0.0944,0,0,1.3095,0,1]},
{"frame":17,"values":[0.4623,-0.7503,0.4726,0,-0.3403,0.342,0.8759,0,-0.8188,-0.5657,-0.0972,0,0,1.3095,0,1]},
{"frame":18,"values":[0.475,-0.7622,0.4397,0,-0.3457,0.2979,0.8898,0,-0.8092,-0.5747,-0.122,0,0,1.3095,0,1]},
{"frame":19,"values":[0.491,-0.7746,0.3986,0,-0.3513,0.2426,0.9043,0,-0.7972,-0.5841,-0.153,0,0,1.3095,0,1]},
{"frame":20,"values":[0.5093,-0.7855,0.3516,0,-0.3563,0.1794,0.917,0,-0.7834,-0.5923,-0.1885,0,0,1.3095,0,1]},
{"frame":21,"values":[0.528,-0.7932,0.3035,0,-0.3598,0.1149,0.9259,0,-0.7693,-0.5981,-0.2247,0,0,1.3095,0,1]},
{"frame":22,"values":[0.5447,-0.7972,0.2604,0,-0.3616,0.057,0.9306,0,-0.7567,-0.6011,-0.2572,0,0,1.3095,0,1]},
{"frame":23,"values":[0.5577,-0.7984,0.2269,0,-0.3621,0.012,0.9321,0,-0.7469,-0.602,-0.2824,0,0,1.3095,0,1]},
{"frame":24,"values":[0.5663,-0.7983,0.2048,0,-0.3621,-0.0178,0.932,0,-0.7404,-0.602,-0.2991,0,0,1.3095,0,1]},
{"frame":25,"values":[0.5708,-0.798,0.1932,0,-0.3619,-0.0333,0.9316,0,-0.737,-0.6017,-0.3078,0,0,1.3095,0,1]},
{"frame":26,"values":[0.5714,-0.798,0.1918,0,-0.3619,-0.0353,0.9315,0,-0.7366,-0.6017,-0.3089,0,0,1.3095,0,1]},
{"frame":27,"values":[0.5667,-0.7983,0.2039,0,-0.3621,-0.0189,0.932,0,-0.7401,-0.6019,-0.2998,0,0,1.3095,0,1]},
{"frame":28,"values":[0.5554,-0.7983,0.233,0,-0.3621,0.0201,0.9319,0,-0.7486,-0.6019,-0.2779,0,0,1.3095,0,1]},
{"frame":29,"values":[0.5377,-0.7958,0.2784,0,-0.361,0.0811,0.9291,0,-0.7619,-0.6001,-0.2436,0,0,1.3095,0,1]},
{"frame":30,"values":[0.5163,-0.7888,0.3336,0,-0.3578,0.1552,0.9208,0,-0.7781,-0.5947,-0.2021,0,0,1.3095,0,1]},
{"frame":31,"values":[0.4952,-0.7774,0.3878,0,-0.3526,0.228,0.9076,0,-0.794,-0.5862,-0.1612,0,0,1.3095,0,1]},
{"frame":32,"values":[0.4785,-0.7651,0.4309,0,-0.347,0.286,0.8932,0,-0.8066,-0.5769,-0.1287,0,0,1.3095,0,1]},
{"frame":33,"values":[0.4684,-0.7562,0.4569,0,-0.343,0.321,0.8828,0,-0.8142,-0.5702,-0.109,0,0,1.3095,0,1]},
{"frame":34,"values":[0.4665,-0.7545,0.4617,0,-0.3422,0.3273,0.8808,0,-0.8156,-0.5689,-0.1055,0,0,1.3095,0,1]},
{"frame":35,"values":[0.474,-0.7613,0.4425,0,-0.3453,0.3016,0.8887,0,-0.81,-0.574,-0.1199,0,0,1.3095,0,1]},
{"frame":36,"values":[0.4888,-0.7731,0.4043,0,-0.3506,0.2502,0.9025,0,-0.7988,-0.5829,-0.1487,0,0,1.3095,0,1]},
{"frame":37,"values":[0.507,-0.7843,0.3575,0,-0.3557,0.1874,0.9156,0,-0.7851,-0.5914,-0.184,0,0,1.3095,0,1]},
{"frame":38,"values":[0.5235,-0.7917,0.3149,0,-0.3591,0.1302,0.9242,0,-0.7726,-0.5969,-0.2161,0,0,1.3095,0,1]},
{"frame":39,"values":[0.535,-0.7952,0.2855,0,-0.3607,0.0906,0.9283,0,-0.764,-0.5996,-0.2383,0,0,1.3095,0,1]},
{"frame":40,"values":[0.5404,-0.7964,0.2714,0,-0.3612,0.0717,0.9297,0,-0.7599,-0.6005,-0.2489,0,0,1.3095,0,1]},
{"frame":41,"values":[0.5408,-0.7965,0.2704,0,-0.3612,0.0704,0.9298,0,-0.7596,-0.6006,-0.2497,0,0,1.3095,0,1]},
{"frame":42,"values":[0.5365,-0.7955,0.2816,0,-0.3608,0.0854,0.9287,0,-0.7629,-0.5998,-0.2412,0,0,1.3095,0,1]},
