{"producer":{"name":"Blender","version":"2.77 (sub 0)","exporter_version":"4.4.3","file":"queen.babylon"},
"autoClear":true,"clearColor":[0.0509,0.0509,0.0509],"ambientColor":[0,0,0],"gravity":[0,-9.81,0],
"materials":[{"name":"queen.CAShieldOut","id":"queen.CAShieldOut","ambient":[0,0,0],"diffuse":[0.64,0.64,0.64],"specular":[0,0,0],"emissive":[0,0,0],"specularPower":49,"alpha":1,"backFaceCulling":true,"checkReadyOnlyOnce":false, 
"diffuseTexture":{"name":"Captain_America_Shield_Out_D.tga","level":1,"hasAlpha":1,"coordinatesMode":0,"uOffset":0,"vOffset":0,"uScale":1,"vScale":1,"uAng":0,"vAng":0,"wAng":0,"wrapU":1,"wrapV":1,"coordinatesIndex":0}},
{"name":"queen.Material.001","id":"queen.Material.001","ambient":[0.8,0.8,0.8],"diffuse":[0.64,0.64,0.64],"specular":[0.5,0.5,0.5],"emissive":[0,0,0],"specularPower":50,"alpha":1,"backFaceCulling":true,"checkReadyOnlyOnce":false, 
"diffuseTexture":{"name":"sword2_final_cm.jpg","level":1,"hasAlpha":1,"coordinatesMode":0,"uOffset":0,"vOffset":0,"uScale":1,"vScale":1,"uAng":0,"vAng":0,"wAng":0,"wrapU":1,"wrapV":1,"coordinatesIndex":0}, 
"bumpTexture":{"name":"sword2_final_bm.jpg","level":1,"hasAlpha":1,"coordinatesMode":0,"uOffset":0,"vOffset":0,"uScale":1,"vScale":1,"uAng":0,"vAng":0,"wAng":0,"wrapU":1,"wrapV":1,"coordinatesIndex":0}},
{"name":"queen.high.obj_Default","id":"queen.high.obj_Default","ambient":[0,0,0],"diffuse":[0.5917,0.5917,0.5917],"specular":[0,0,0],"emissive":[0,0,0],"specularPower":51,"alpha":1,"backFaceCulling":true,"checkReadyOnlyOnce":false, 
"diffuseTexture":{"name":"textures.png","level":1,"hasAlpha":1,"coordinatesMode":0,"uOffset":0,"vOffset":0,"uScale":1,"vScale":1,"uAng":0,"vAng":0,"wAng":0,"wrapU":1,"wrapV":1,"coordinatesIndex":0}, 
"bumpTexture":{"name":"norm_normals.png","level":1,"hasAlpha":1,"coordinatesMode":0,"uOffset":0,"vOffset":0,"uScale":1,"vScale":1,"uAng":0,"vAng":0,"wAng":0,"wrapU":1,"wrapV":1,"coordinatesIndex":0}}],
"multiMaterials":[{"name":"queen.Multimaterial#0","id":"queen.Multimaterial#0","materials":["queen.CAShieldOut","queen.Material.001","queen.high.obj_Default"]}],
"skeletons":[{"name":"Armature","id":0,"bones":[
{"name":"L.arm IK","index":0,"matrix":[1,0,0,0,0,0,1,0,0,1,0,0,1.7214,-0.0825,-1.1215,1],"rest":[1,0,0,0,0,0,1,0,0,1,0,0,2.5132,0.5484,-1.0082,1],"parentBoneIndex":-1,"length":0.618
,"animation":{"dataType":3,"framePerSecond":24,"keys":[
{"frame":-1,"values":[1,0,0,0,0,0,1,0,0,1,0,0,1.7214,-0.0825,-1.1215,1]},
{"frame":1,"values":[1,0,0,0,0,0,1,0,0,1,0,0,1.7268,-0.1098,-1.1273,1]},
{"frame":2,"values":[1,0,0,0,0,0,1,0,0,1,0,0,1.7403,-0.1788,-1.1418,1]},
{"frame":3,"values":[1,0,0,0,0,0,1,0,0,1,0,0,1.7573,-0.2659,-1.1601,1]},
{"frame":4,"values":[1,0,0,0,0,0,1,0,0,1,0,0,1.7732,-0.347,-1.1772,1]},
{"frame":5,"values":[1,0,0,0,0,0,1,0,0,1,0,0,1.7842,-0.4034,-1.1891,1]},
{"frame":6,"values":[1,0,0,0,0,0,1,0,0,1,0,0,1.7882,-0.4235,-1.1933,1]},
{"frame":7,"values":[1,0,0,0,0,0,1,0,0,1,0,0,1.7822,-0.3932,-1.187,1]},
{"frame":8,"values":[1,0,0,0,0,0,1,0,0,1,0,0,1.7655,-0.3078,-1.169,1]},
{"frame":9,"values":[1,0,0,0,0,0,1,0,0,1,0,0,1.7441,-0.1982,-1.1459,1]},
{"frame":10,"values":[1,0,0,0,0,0,1,0,0,1,0,0,1.7273,-0.1128,-1.1279,1]},
{"frame":11,"values":[1,0,0,0,0,0,1,0,0,1,0,0,1.7214,-0.0825,-1.1215,1]},
{"frame":24,"values":[1,0,0,0,0,0,1,0,0,1,0,0,1.7214,-0.1308,-1.0536,1]},
{"frame":25,"values":[1,0,0,0,0,0,1,0,0,1,0,0,1.7214,-0.2665,-0.857,1]},
{"frame":26,"values":[1,0,0,0,0,0,1,0,0,1,0,0,1.7214,-0.4271,-0.6093,1]},
{"frame":27,"values":[1,0,0,0,0,0,1,0,0,1,0,0,1.7214,-0.5385,-0.4121,1]},
{"frame":28,"values":[1,0,0,0,0,0,1,0,0,1,0,0,1.7214,-0.6071,-0.2408,1]},
{"frame":29,"values":[1,0,0,0,0,0,1,0,0,1,0,0,1.7214,-0.6556,-0.0605,1]},
{"frame":30,"values":[1,0,0,0,0,0,1,0,0,1,0,0,1.7214,-0.679,0.0686,1]},
{"frame":31,"values":[1,0,0,0,0,0,1,0,0,1,0,0,1.7214,-0.6845,0.1108,1]},
{"frame":32,"values":[1,0,0,0,0,0,1,0,0,1,0,0,1.7214,-0.6845,0.1103,1]},
{"frame":33,"values":[1,0,0,0,0,0,1,0,0,1,0,0,1.7214,-0.6845,0.1061,1]},
{"frame":34,"values":[1,0,0,0,0,0,1,0,0,1,0,0,1.7214,-0.6845,0.0931,1]},
{"frame":35,"values":[1,0,0,0,0,0,1,0,0,1,0,0,1.7214,-0.6845,0.0652,1]},
{"frame":36,"values":[1,0,0,0,0,0,1,0,0,1,0,0,1.7214,-0.6845,0.017,1]},
{"frame":37,"values":[1,0,0,0,0,0,1,0,0,1,0,0,1.7214,-0.6845,-0.0534,1]},
{"frame":38,"values":[1,0,0,0,0,0,1,0,0,1,0,0,1.7214,-0.6845,-0.1449,1]},
{"frame":39,"values":[1,0,0,0,0,0,1,0,0,1,0,0,1.7214,-0.6845,-0.2541,1]},
{"frame":40,"values":[1,0,0,0,0,0,1,0,0,1,0,0,1.7214,-0.6587,-0.4141,1]},
{"frame":41,"values":[1,0,0,0,0,0,1,0,0,1,0,0,1.7214,-0.586,-0.6453,1]},
{"frame":42,"values":[1,0,0,0,0,0,1,0,0,1,0,0,1.7214,-0.499,-0.8796,1]},
{"frame":43,"values":[1,0,0,0,0,0,1,0,0,1,0,0,1.7214,-0.4369,-1.0479,1]},
{"frame":44,"values":[1,0,0,0,0,0,1,0,0,1,0,0,1.7211,-0.3955,-1.1594,1]},
{"frame":45,"values":[1,0,0,0,0,0,1,0,0,1,0,0,1.7188,-0.3624,-1.2312,1]},
{"frame":46,"values":[1,0,0,0,0,0,1,0,0,1,0,0,1.7119,-0.3436,-1.261,1]},
{"frame":47,"values":[1,0,0,0,0,0,1,0,0,1,0,0,1.7003,-0.3384,-1.2664,1]},
{"frame":48,"values":[1,0,0,0,0,-0.0001,1,0,0,1,0.0001,0,1.6788,-0.352,-1.2424,1]},
{"frame":49,"values":[1,-0.0001,0,0,0,-0.0003,1,0,0.0001,1,0.0003,0,1.6418,-0.3923,-1.1687,1]},
{"frame":50,"values":[1,-0.0003,-0.0001,0,0.0001,-0.0007,1,0,0.0003,1,0.0007,0,1.5922,-0.4557,-1.0479,1]},
{"frame":51,"values":[1,-0.0005,-0.0002,0,0.0002,-0.0012,1,0,0.0005,1,0.0012,0,1.5361,-0.5331,-0.8918,1]},
{"frame":52,"values":[1,-0.0007,-0.0002,0,0.0002,-0.0017,1,0,0.0007,1,0.0017,0,1.4823,-0.6104,-0.7209,1]},
{"frame":53,"values":[1,-0.0009,-0.0003,0,0.0003,-0.0021,1,0,0.0009,1,0.0021,0,1.4394,-0.6738,-0.5578,1]},
{"frame":54,"values":[1,-0.001,-0.0003,0,0.0003,-0.0023,1,0,0.001,1,0.0023,0,1.4126,-0.7142,-0.4197,1]},
{"frame":55,"values":[1,-0.001,-0.0004,0,0.0003,-0.0024,1,0,0.001,1,0.0024,0,1.4037,-0.7277,-0.3156,1]},
{"frame":56,"values":[1,-0.001,-0.0003,0,0.0003,-0.0023,1,0,0.001,1,0.0023,0,1.4147,-0.7274,-0.2297,1]},
{"frame":57,"values":[1,-0.0009,-0.0003,0,0.0003,-0.0021,1,0,0.0009,1,0.0021,0,1.4476,-0.7263,-0.146,1]},
{"frame":58,"values":[1,-0.0007,-0.0002,0,0.0002,-0.0017,1,0,0.0007,1,0.0017,0,1.4994,-0.724,-0.0684,1]},
{"frame":59,"values":[1,-0.0005,-0.0002,0,0.0002,-0.0012,1,0,0.0005,1,0.0012,0,1.5625,-0.7199,-0.0016,1]},
{"frame":60,"values":[1,-0.0003,-0.0001,0,0.0001,-0.0007,1,0,0.0003,1,0.0007,0,1.6257,-0.7138,0.0503,1]},
{"frame":61,"values":[1,-0.0001,0,0,0,-0.0003,1,0,0.0001,1,0.0003,0,1.6775,-0.7056,0.0855,1]},
{"frame":62,"values":[1,0,0,0,0,-0.0001,1,0,0,1,0.0001,0,1.7104,-0.6957,0.1049,1]},
{"frame":63,"values":[1,0,0,0,0,0,1,0,0,1,0,0,1.7214,-0.6845,0.1108,1]},
{"frame":64,"values":[1,0,0,0,0,0,1,0,0,1,0,0,1.7214,-0.6732,0.1001,1]},
{"frame":65,"values":[1,0,0,0,0,0,1,0,0,1,0,0,1.7214,-0.6626,0.0667,1]},
{"frame":66,"values":[1,0,0,0,0,0,1,0,0,1,0,0,1.7214,-0.6514,0.0102,1]},
{"frame":67,"values":[1,0,0,0,0,0,1,0,0,1,0,0,1.7214,-0.638,-0.0663,1]},
{"frame":68,"values":[1,0,0,0,0,0,1,0,0,1,0,0,1.7214,-0.6207,-0.1551,1]},
{"frame":69,"values":[1,0,0,0,0,0,1,0,0,1,0,0,1.7214,-0.5984,-0.2471,1]},
{"frame":70,"values":[1,0,0,0,0,0,1,0,0,1,0,0,1.7214,-0.5709,-0.3344,1]},
{"frame":71,"values":[1,0,0,0,0,0,1,0,0,1,0,0,1.7214,-0.5385,-0.4121,1]},
{"frame":72,"values":[1,0,0,0,0,0,1,0,0,1,0,0,1.7214,-0.4969,-0.4926,1]},
{"frame":73,"values":[1,0,0,0,0,0,1,0,0,1,0,0,1.7214,-0.4414,-0.5885,1]},
{"frame":74,"values":[1,0,0,0,0,0,1,0,0,1,0,0,1.7214,-0.3747,-0.6959,1]},
{"frame":75,"values":[1,0,0,0,0,0,1,0,0,1,0,0,1.7214,-0.3017,-0.8075,1]},
{"frame":76,"values":[1,0,0,0,0,0,1,0,0,1,0,0,1.7214,-0.2299,-0.9133,1]},
{"frame":77,"values":[1,0,0,0,0,0,1,0,0,1,0,0,1.7214,-0.1674,-1.0031,1]},
{"frame":78,"values":[1,0,0,0,0,0,1,0,0,1,0,0,1.7214,-0.1203,-1.0693,1]},
{"frame":79,"values":[1,0,0,0,0,0,1,0,0,1,0,0,1.7214,-0.0918,-1.1088,1]}],"loopBehavior":1,"name":"anim","property":"_matrix"}},
{"name":"L.foot IK","index":1,"matrix":[1,0,0,0,0,0,1,0,0,1,0,0,0.7788,-2.4687,-0.1167,1],"rest":[1,0,0,0,0,0,1,0,0,1,0,0,1.1259,-2.4687,-0.1167,1],"parentBoneIndex":-1,"length":0.5749
,"animation":{"dataType":3,"framePerSecond":24,"keys":[
{"frame":-1,"values":[1,0,0,0,0,0,1,0,0,1,0,0,0.7788,-2.4687,-0.1167,1]},
{"frame":1,"values":[1,0,0,0,0,0,1,0,0,1,0,0,0.7981,-2.4705,-0.1826,1]},
{"frame":2,"values":[1,0,0,0,0,0,1,0,0,1,0,0,0.8356,-2.4738,-0.311,1]},
{"frame":3,"values":[1,0,0,0,0,0,1,0,0,1,0,0,0.8793,-2.4777,-0.4607,1]},
{"frame":4,"values":[1,0,0,0,0,0,1,0,0,1,0,0,0.9246,-2.4817,-0.6156,1]},
{"frame":5,"values":[1,0,0,0,0,0,1,0,0,1,0,0,0.9688,-2.4856,-0.7671,1]},
{"frame":6,"values":[1,0,0,0,0,0,1,0,0,1,0,0,1.0103,-2.4893,-0.9089,1]},
{"frame":7,"values":[1,0,0,0,0,0,1,0,0,1,0,0,1.0475,-2.4926,-1.0363,1]},
{"frame":8,"values":[1,0,0,0,0,0,1,0,0,1,0,0,1.0791,-2.4954,-1.1446,1]},
{"frame":9,"values":[1,0,0,0,0,0,1,0,0,1,0,0,1.1038,-2.4976,-1.229,1]},
{"frame":10,"values":[1,0,0,0,0,0,1,0,0,1,0,0,1.12,-2.4991,-1.2844,1]},
{"frame":11,"values":[1,0,0,0,0,0,1,0,0,1,0,0,1.1259,-2.4996,-1.3045,1]},
{"frame":12,"values":[1,0,0,0,0,0,1,0,0,1,0,0,1.1101,-2.4982,-1.2506,1]},
{"frame":13,"values":[1,0,0,0,0,0,1,0,0,1,0,0,1.0636,-2.4941,-1.0912,1]},
{"frame":14,"values":[1,0,0,0,0,0,1,0,0,1,0,0,0.9926,-2.4878,-0.8483,1]},
{"frame":15,"values":[1,0,0,0,0,0,1,0,0,1,0,0,0.9121,-2.4806,-0.5728,1]},
{"frame":16,"values":[1,0,0,0,0,0,1,0,0,1,0,0,0.8411,-2.4743,-0.33,1]},
{"frame":17,"values":[1,0,0,0,0,0,1,0,0,1,0,0,0.7945,-2.4701,-0.1705,1]},
{"frame":18,"values":[1,0,0,0,0,0,1,0,0,1,0,0,0.7788,-2.4687,-0.1167,1]},
{"frame":24,"values":[1,0,0,0,0,0,1,0,0,1,0,0,0.7788,-2.4481,-0.1596,1]},
{"frame":25,"values":[1,0,0,0,0,0,1,0,0,1,0,0,0.7788,-2.3941,-0.2869,1]},
{"frame":26,"values":[1,0,0,0,0,0,1,0,0,1,0,0,0.7788,-2.3401,-0.4541,1]},
{"frame":27,"values":[1,0,0,0,0,0,1,0,0,1,0,0,0.7788,-2.3194,-0.598,1]},
{"frame":28,"values":[1,0,0,0,0,0,1,0,0,1,0,0,0.7788,-2.3554,-0.7419,1]},
{"frame":29,"values":[1,0,0,0,0,0,1,0,0,1,0,0,0.7788,-2.4503,-0.9092,1]},
{"frame":30,"values":[1,0,0,0,0,0,1,0,0,1,0,0,0.7788,-2.5479,-1.0364,1]},
{"frame":31,"values":[1,0,0,0,0,0,1,0,0,1,0,0,0.7788,-2.5904,-1.0794,1]},
{"frame":32,"values":[1,0,0,0,0,0,1,0,0,1,0,0,0.7788,-2.5976,-1.0677,1]},
{"frame":33,"values":[1,0,0,0,0,0,1,0,0,1,0,0,0.7788,-2.6037,-1.0309,1]},
{"frame":34,"values":[1,0,0,0,0,0,1,0,0,1,0,0,0.7788,-2.6084,-0.9676,1]},
{"frame":35,"values":[1,0,0,0,0,0,1,0,0,1,0,0,0.7788,-2.6116,-0.8806,1]},
{"frame":36,"values":[1,0,0,0,0,0,1,0,0,1,0,0,0.7788,-2.6135,-0.7771,1]},
{"frame":37,"values":[1,0,0,0,0,0,1,0,0,1,0,0,0.7788,-2.6144,-0.6671,1]},
{"frame":38,"values":[1,0,0,0,0,0,1,0,0,1,0,0,0.7788,-2.6146,-0.5592,1]},
{"frame":39,"values":[1,0,0,0,0,0,1,0,0,1,0,0,0.7788,-2.6147,-0.4592,1]},
{"frame":40,"values":[1,0,0,0,0,0,1,0,0,1,0,0,0.7792,-2.609,-0.3494,1]},
{"frame":41,"values":[1,0,0,0,0,0,1,0,0,1,0,0,0.7806,-2.5916,-0.2126,1]},
{"frame":42,"values":[1,0,0,0,0,0,1,0,0,1,0,0,0.7827,-2.5626,-0.0569,1]},
{"frame":43,"values":[1,0,0,0,0,0,1,0,0,1,0,0,0.7852,-2.5243,0.102,1]},
{"frame":44,"values":[1,0,0,0,0,0,1,0,0,1,0,0,0.7878,-2.4811,0.2446,1]},
{"frame":45,"values":[1,0,0,0,0,0,1,0,0,1,0,0,0.7899,-2.4381,0.3535,1]},
{"frame":46,"values":[1,0,0,0,0,0,1,0,0,1,0,0,0.7912,-2.3994,0.4194,1]},
{"frame":47,"values":[1,0,0,0,0,0,1,0,0,1,0,0,0.7916,-2.3674,0.4407,1]},
{"frame":48,"values":[1,0,0,0,0,0,1,0,0,1,0,0,0.7916,-2.3368,0.4404,1]},
{"frame":49,"values":[1,0,0,0,0,0,1,0,0,1,0,0,0.7916,-2.3023,0.4378,1]},
{"frame":50,"values":[1,0,0,0,0,0,1,0,0,1,0,0,0.7916,-2.266,0.4295,1]},
{"frame":51,"values":[1,0,0,0,0,0,1,0,0,1,0,0,0.7916,-2.2308,0.4118,1]},
{"frame":52,"values":[1,0,0,0,0,0,1,0,0,1,0,0,0.7916,-2.2005,0.3813,1]},
{"frame":53,"values":[1,0,0,0,0,0,1,0,0,1,0,0,0.7916,-2.1781,0.3367,1]},
{"frame":54,"values":[1,0,0,0,0,0,1,0,0,1,0,0,0.7916,-2.1649,0.2788,1]},
{"frame":55,"values":[1,0,0,0,0,0,1,0,0,1,0,0,0.7916,-2.1607,0.2097,1]},
{"frame":56,"values":[1,0,0,0,0,0,1,0,0,1,0,0,0.7912,-2.1756,0.1038,1]},
{"frame":57,"values":[1,0,0,0,0,0,1,0,0,1,0,0,0.7899,-2.2201,-0.0637,1]},
{"frame":58,"values":[1,0,0,0,0,0,1,0,0,1,0,0,0.7878,-2.2902,-0.2808,1]},
{"frame":59,"values":[1,0,0,0,0,0,1,0,0,1,0,0,0.7852,-2.3755,-0.5215,1]},
{"frame":60,"values":[1,0,0,0,0,0,1,0,0,1,0,0,0.7827,-2.4609,-0.7494,1]},
{"frame":61,"values":[1,0,0,0,0,0,1,0,0,1,0,0,0.7806,-2.5309,-0.9301,1]},
{"frame":62,"values":[1,0,0,0,0,0,1,0,0,1,0,0,0.7792,-2.5754,-1.0423,1]},
{"frame":63,"values":[1,0,0,0,0,0,1,0,0,1,0,0,0.7788,-2.5904,-1.0794,1]},
{"frame":64,"values":[1,0,0,0,0,0,1,0,0,1,0,0,0.7788,-2.581,-1.0686,1]},
{"frame":65,"values":[1,0,0,0,0,0,1,0,0,1,0,0,0.7788,-2.5529,-1.0351,1]},
{"frame":66,"values":[1,0,0,0,0,0,1,0,0,1,0,0,0.7788,-2.5087,-0.9792,1]},
{"frame":67,"values":[1,0,0,0,0,0,1,0,0,1,0,0,0.7788,-2.4549,-0.9053,1]},
{"frame":68,"values":[1,0,0,0,0,0,1,0,0,1,0,0,0.7788,-2.4011,-0.8215,1]},
{"frame":69,"values":[1,0,0,0,0,0,1,0,0,1,0,0,0.7788,-2.3569,-0.7376,1]},
{"frame":70,"values":[1,0,0,0,0,0,1,0,0,1,0,0,0.7788,-2.3288,-0.6617,1]},
{"frame":71,"values":[1,0,0,0,0,0,1,0,0,1,0,0,0.7788,-2.3194,-0.598,1]},
{"frame":72,"values":[1,0,0,0,0,0,1,0,0,1,0,0,0.7788,-2.3235,-0.5367,1]},
{"frame":73,"values":[1,0,0,0,0,0,1,0,0,1,0,0,0.7788,-2.3358,-0.4675,1]},
{"frame":74,"values":[1,0,0,0,0,0,1,0,0,1,0,0,0.7788,-2.3555,-0.3931,1]},
{"frame":75,"values":[1,0,0,0,0,0,1,0,0,1,0,0,0.7788,-2.3806,-0.3182,1]},
{"frame":76,"values":[1,0,0,0,0,0,1,0,0,1,0,0,0.7788,-2.4076,-0.2489,1]},
{"frame":77,"values":[1,0,0,0,0,0,1,0,0,1,0,0,0.7788,-2.4327,-0.1912,1]},
{"frame":78,"values":[1,0,0,0,0,0,1,0,0,1,0,0,0.7788,-2.4524,-0.1493,1]},
{"frame":79,"values":[1,0,0,0,0,0,1,0,0,1,0,0,0.7788,-2.4647,-0.1246,1]}],"loopBehavior":1,"name":"anim","property":"_matrix"}},
{"name":"L.elbow","index":2,"matrix":[1,0,0,0,0,1,0,0,0,0,-1,0,0.9359,0.4117,-1.4998,1],"rest":[1,0,0,0,0,1,0,0,0,0,-1,0,1.7998,0.6277,-1.4998,1],"parentBoneIndex":-1,"length":0.5315
,"animation":{"dataType":3,"framePerSecond":24,"keys":[
{"frame":-1,"values":[1,0,0,0,0,1,0,0,0,0,-1,0,0.9359,0.4117,-1.4998,1]},
{"frame":7,"values":[1,0,0,0,0,1,0,0,0,0,-1,0,0.9359,0.4116,-1.4995,1]},
{"frame":8,"values":[1,0,0,0,0,1,0,0,0,0,-1,0,0.9359,0.4113,-1.4987,1]},
{"frame":9,"values":[1,0,0,0,0,1,0,0,0,0,-1,0,0.9358,0.4108,-1.4972,1]},
{"frame":10,"values":[1,0,0,0,0,1,0,0,0,0,-1,0,0.9357,0.4101,-1.4951,1]},
{"frame":11,"values":[1,0,0,0,0,1,0,0,0,0,-1,0,0.9357,0.4092,-1.4925,1]},
{"frame":12,"values":[1,0,0,0,0,1,0,0,0,0,-1,0,0.9356,0.4081,-1.4892,1]},
{"frame":13,"values":[1,0,0,0,0,1,0,0,0,0,-1,0,0.9355,0.4068,-1.4854,1]},
{"frame":14,"values":[1,0,0,0,0,1,0,0,0,0,-1,0,0.9353,0.4054,-1.4809,1]},
{"frame":15,"values":[1,0,0,0,0,1,0,0,0,0,-1,0,0.9352,0.4037,-1.4759,1]},
{"frame":16,"values":[1,0,0,0,0,1,0,0,0,0,-1,0,0.935,0.4018,-1.4703,1]},
{"frame":17,"values":[1,0,0,0,0,1,0,0,0,0,-1,0,0.9348,0.3997,-1.4642,1]},
{"frame":18,"values":[1,0,0,0,0,1,0,0,0,0,-1,0,0.9346,0.3975,-1.4575,1]},
{"frame":19,"values":[1,0,0,0,0,1,0,0,0,0,-1,0,0.9344,0.3951,-1.4503,1]},
{"frame":20,"values":[1,0,0,0,0,1,0,0,0,0,-1,0,0.9342,0.3925,-1.4425,1]},
{"frame":21,"values":[1,0,0,0,0,1,0,0,0,0,-1,0,0.9339,0.3898,-1.4344,1]},
{"frame":22,"values":[1,0,0,0,0,1,0,0,0,0,-1,0,0.9337,0.3869,-1.4257,1]},
{"frame":23,"values":[1,0,0,0,0,1,0,0,0,0,-1,0,0.9334,0.3839,-1.4167,1]},
{"frame":24,"values":[1,0,0,0,0,1,0,0,0,0,-1,0,0.9331,0.3807,-1.4073,1]},
{"frame":25,"values":[1,0,0,0,0,1,0,0,0,0,-1,0,0.9328,0.3774,-1.3976,1]},
{"frame":26,"values":[1,0,0,0,0,1,0,0,0,0,-1,0,0.9325,0.3741,-1.3876,1]},
{"frame":27,"values":[1,0,0,0,0,1,0,0,0,0,-1,0,0.9322,0.3707,-1.3773,1]},
{"frame":28,"values":[1,0,0,0,0,1,0,0,0,0,-1,0,0.9319,0.3672,-1.3669,1]},
{"frame":29,"values":[1,0,0,0,0,1,0,0,0,0,-1,0,0.9316,0.3636,-1.3563,1]},
{"frame":30,"values":[1,0,0,0,0,1,0,0,0,0,-1,0,0.9312,0.3601,-1.3457,1]},
{"frame":31,"values":[1,0,0,0,0,1,0,0,0,0,-1,0,0.9309,0.3565,-1.335,1]},
{"frame":32,"values":[1,0,0,0,0,1,0,0,0,0,-1,0,0.9306,0.3529,-1.3243,1]},
{"frame":33,"values":[1,0,0,0,0,1,0,0,0,0,-1,0,0.9303,0.3494,-1.3138,1]},
{"frame":34,"values":[1,0,0,0,0,1,0,0,0,0,-1,0,0.93,0.3459,-1.3033,1]},
{"frame":35,"values":[1,0,0,0,0,1,0,0,0,0,-1,0,0.9297,0.3425,-1.2931,1]},
{"frame":36,"values":[1,0,0,0,0,1,0,0,0,0,-1,0,0.9294,0.3391,-1.2831,1]},
{"frame":37,"values":[1,0,0,0,0,1,0,0,0,0,-1,0,0.9291,0.3359,-1.2733,1]},
{"frame":38,"values":[1,0,0,0,0,1,0,0,0,0,-1,0,0.9288,0.3327,-1.2639,1]},
{"frame":39,"values":[1,0,0,0,0,1,0,0,0,0,-1,0,0.9285,0.3297,-1.2549,1]},
{"frame":40,"values":[1,0,0,0,0,1,0,0,0,0,-1,0,0.9282,0.3268,-1.2463,1]},
{"frame":41,"values":[1,0,0,0,0,1,0,0,0,0,-1,0,0.928,0.3241,-1.2381,1]},
{"frame":42,"values":[1,0,0,0,0,1,0,0,0,0,-1,0,0.9278,0.3215,-1.2304,1]},
{"frame":43,"values":[1,0,0,0,0,1,0,0,0,0,-1,0,0.9275,0.3191,-1.2232,1]},
{"frame":44,"values":[1,0,0,0,0,1,0,0,0,0,-1,0,0.9273,0.3168,-1.2165,1]},
{"frame":45,"values":[1,0,0,0,0,1,0,0,0,0,-1,0,0.9272,0.3148,-1.2103,1]},
{"frame":46,"values":[1,0,0,0,0,1,0,0,0,0,-1,0,0.927,0.3129,-1.2047,1]},
{"frame":47,"values":[1,0,0,0,0,1,0,0,0,0,-1,0,0.9268,0.3112,-1.1997,1]},
{"frame":48,"values":[1,0,0,0,0,1,0,0,0,0,-1,0,0.9267,0.3097,-1.1953,1]},
{"frame":49,"values":[1,0,0,0,0,1,0,0,0,0,-1,0,0.9266,0.3084,-1.1914,1]},
{"frame":50,"values":[1,0,0,0,0,1,0,0,0,0,-1,0,0.9265,0.3073,-1.1882,1]},
{"frame":51,"values":[1,0,0,0,0,1,0,0,0,0,-1,0,0.9264,0.3064,-1.1855,1]},
{"frame":52,"values":[1,0,0,0,0,1,0,0,0,0,-1,0,0.9263,0.3058,-1.1834,1]},
{"frame":53,"values":[1,0,0,0,0,1,0,0,0,0,-1,0,0.9263,0.3053,-1.182,1]},
{"frame":54,"values":[1,0,0,0,0,1,0,0,0,0,-1,0,0.9263,0.305,-1.1811,1]},
{"frame":55,"values":[1,0,0,0,0,1,0,0,0,0,-1,0,0.9263,0.3049,-1.1808,1]},
{"frame":79,"values":[1,0,0,0,0,1,0,0,0,0,-1,0,0.9263,0.3049,-1.1808,1]}],"loopBehavior":1,"name":"anim","property":"_matrix"}},
{"name":"L.knee","index":3,"matrix":[1,0,0,0,0,1,0,0,0,0,-1,0,0.4308,-1.7178,-1.3078,1],"rest":[1,0,0,0,0,1,0,0,0,0,-1,0,0.8279,-1.7178,-1.3078,1],"parentBoneIndex":-1,"length":0.5909
,"animation":{"dataType":3,"framePerSecond":24,"keys":[
{"frame":-1,"values":[1,0,0,0,0,1,0,0,0,0,-1,0,0.4308,-1.7178,-1.3078,1]},
{"frame":1,"values":[1,0,0,0,0,1,0,0,0,0,-1,0,0.4486,-1.7137,-1.3078,1]},
{"frame":2,"values":[1,0,0,0,0,1,0,0,0,0,-1,0,0.4832,-1.7057,-1.3078,1]},
{"frame":3,"values":[1,0,0,0,0,1,0,0,0,0,-1,0,0.5235,-1.6964,-1.3078,1]},
{"frame":4,"values":[1,0,0,0,0,1,0,0,0,0,-1,0,0.5652,-1.6867,-1.3078,1]},
{"frame":5,"values":[1,0,0,0,0,1,0,0,0,0,-1,0,0.606,-1.6773,-1.3078,1]},
{"frame":6,"values":[1,0,0,0,0,1,0,0,0,0,-1,0,0.6442,-1.6684,-1.3078,1]},
{"frame":7,"values":[1,0,0,0,0,1,0,0,0,0,-1,0,0.6785,-1.6605,-1.3078,1]},
{"frame":8,"values":[1,0,0,0,0,1,0,0,0,0,-1,0,0.7077,-1.6537,-1.3078,1]},
{"frame":9,"values":[1,0,0,0,0,1,0,0,0,0,-1,0,0.7304,-1.6485,-1.3078,1]},
{"frame":10,"values":[1,0,0,0,0,1,0,0,0,0,-1,0,0.7454,-1.645,-1.3078,1]},
{"frame":11,"values":[1,0,0,0,0,1,0,0,0,0,-1,0,0.7508,-1.6438,-1.3078,1]},
{"frame":12,"values":[1,0,0,0,0,1,0,0,0,0,-1,0,0.7363,-1.6471,-1.3078,1]},
{"frame":13,"values":[1,0,0,0,0,1,0,0,0,0,-1,0,0.6933,-1.657,-1.3078,1]},
{"frame":14,"values":[1,0,0,0,0,1,0,0,0,0,-1,0,0.6279,-1.6722,-1.3078,1]},
{"frame":15,"values":[1,0,0,0,0,1,0,0,0,0,-1,0,0.5537,-1.6894,-1.3078,1]},
{"frame":16,"values":[1,0,0,0,0,1,0,0,0,0,-1,0,0.4883,-1.7045,-1.3078,1]},
{"frame":17,"values":[1,0,0,0,0,1,0,0,0,0,-1,0,0.4453,-1.7144,-1.3078,1]},
{"frame":18,"values":[1,0,0,0,0,1,0,0,0,0,-1,0,0.4308,-1.7178,-1.3078,1]},
{"frame":79,"values":[1,0,0,0,0,1,0,0,0,0,-1,0,0.4308,-1.7178,-1.3078,1]}],"loopBehavior":1,"name":"anim","property":"_matrix"}},
{"name":"stomach","index":4,"matrix":[1,0,0,0,0,0.9954,-0.0955,0,0,-0.0955,-0.9954,0,0,-0.4587,-0.3702,1],"rest":[1,0,0,0,0,0.9954,-0.0955,0,0,-0.0955,-0.9954,0,0,-0.4945,-0.324,1],"parentBoneIndex":-1,"length":1.0046
,"animation":{"dataType":3,"framePerSecond":24,"keys":[
{"frame":-1,"values":[1,0,0,0,0,0.9954,-0.0955,0,0,-0.0955,-0.9954,0,0,-0.4587,-0.3702,1]},
{"frame":1,"values":[1,-0.0026,0.0067,0,0.0033,0.9949,-0.1009,0,0.0064,-0.1009,-0.9949,0,0.0011,-0.4995,-0.3656,1]},
{"frame":2,"values":[0.9998,-0.0076,0.0197,0,0.0097,0.9937,-0.1112,0,0.0187,-0.1114,-0.9936,0,0.0033,-0.5788,-0.3567,1]},
{"frame":3,"values":[0.9993,-0.0132,0.0349,0,0.0174,0.9922,-0.1232,0,0.033,-0.1237,-0.9918,0,0.0059,-0.6713,-0.3463,1]},
{"frame":4,"values":[0.9985,-0.0188,0.0507,0,0.0255,0.9905,-0.1354,0,0.0477,-0.1365,-0.9895,0,0.0085,-0.7671,-0.3355,1]},
{"frame":5,"values":[0.9975,-0.0241,0.0662,0,0.0336,0.9885,-0.1472,0,0.0619,-0.1491,-0.9869,0,0.0111,-0.8606,-0.3249,1]},
{"frame":6,"values":[0.9963,-0.0289,0.0808,0,0.0414,0.9866,-0.1581,0,0.0751,-0.1609,-0.9841,0,0.0135,-0.9483,-0.315,1]},
{"frame":7,"values":[0.995,-0.033,0.0939,0,0.0485,0.9846,-0.1678,0,0.0869,-0.1715,-0.9813,0,0.0157,-1.027,-0.3062,1]},
{"frame":8,"values":[0.9938,-0.0364,0.1051,0,0.0546,0.9829,-0.176,0,0.0969,-0.1806,-0.9788,0,0.0176,-1.0939,-0.2986,1]},
{"frame":9,"values":[0.9927,-0.039,0.1138,0,0.0594,0.9815,-0.1822,0,0.1046,-0.1877,-0.9766,0,0.019,-1.1461,-0.2927,1]},
{"frame":10,"values":[0.992,-0.0406,0.1195,0,0.0626,0.9805,-0.1863,0,0.1096,-0.1923,-0.9752,0,0.0199,-1.1803,-0.2889,1]},
{"frame":11,"values":[0.9917,-0.0412,0.1216,0,0.0638,0.9801,-0.1878,0,0.1114,-0.194,-0.9746,0,0.0203,-1.1927,-0.2875,1]},
{"frame":12,"values":[0.9925,-0.0396,0.116,0,0.0607,0.9811,-0.1838,0,0.1065,-0.1895,-0.9761,0,0.0194,-1.1595,-0.2912,1]},
{"frame":13,"values":[0.9944,-0.0347,0.0996,0,0.0516,0.9838,-0.172,0,0.092,-0.1761,-0.9801,0,0.0166,-1.0609,-0.3023,1]},
{"frame":14,"values":[0.9969,-0.0268,0.0746,0,0.0381,0.9874,-0.1535,0,0.0695,-0.1558,-0.9853,0,0.0125,-0.9109,-0.3193,1]},
{"frame":15,"values":[0.9988,-0.0173,0.0463,0,0.0233,0.991,-0.132,0,0.0436,-0.133,-0.9902,0,0.0078,-0.7406,-0.3385,1]},
{"frame":16,"values":[0.9997,-0.0083,0.0216,0,0.0107,0.9936,-0.1128,0,0.0205,-0.113,-0.9934,0,0.0036,-0.5905,-0.3554,1]},
{"frame":17,"values":[1,-0.0021,0.0054,0,0.0027,0.995,-0.0999,0,0.0052,-0.0999,-0.995,0,0.0009,-0.492,-0.3665,1]},
{"frame":18,"values":[1,0,0,0,0,0.9954,-0.0955,0,0,-0.0955,-0.9954,0,0,-0.4587,-0.3702,1]},
{"frame":24,"values":[1,0.002,0,0,-0.002,0.9954,-0.0955,0,0.0002,-0.0955,-0.9954,0,0.0003,-0.4744,-0.3704,1]},
{"frame":25,"values":[1,0.0079,0,0,-0.0079,0.9954,-0.0955,0,0.0008,-0.0955,-0.9954,0,0.0013,-0.5211,-0.371,1]},
{"frame":26,"values":[0.9999,0.0173,0,0,-0.0172,0.9953,-0.0955,0,0.0017,-0.0955,-0.9954,0,0.0029,-0.5946,-0.3718,1]},
{"frame":27,"values":[0.9996,0.0287,0,0,-0.0286,0.995,-0.0955,0,0.0027,-0.0955,-0.9954,0,0.0049,-0.6842,-0.3729,1]},
{"frame":28,"values":[0.9992,0.0401,0,0,-0.0399,0.9946,-0.0955,0,0.0038,-0.0955,-0.9954,0,0.0068,-0.7738,-0.374,1]},
{"frame":29,"values":[0.9988,0.0494,0,0,-0.0492,0.9942,-0.0955,0,0.0047,-0.0954,-0.9954,0,0.0084,-0.8473,-0.3748,1]},
{"frame":30,"values":[0.9985,0.0554,0,0,-0.0551,0.9939,-0.0955,0,0.0053,-0.0954,-0.9954,0,0.0094,-0.894,-0.3754,1]},
{"frame":31,"values":[0.9984,0.0573,0,0,-0.0571,0.9938,-0.0955,0,0.0055,-0.0954,-0.9954,0,0.0097,-0.9097,-0.3756,1]},
{"frame":32,"values":[0.9984,0.0562,0,0,-0.0559,0.9939,-0.0955,0,0.0054,-0.0954,-0.9954,0,0.0094,-0.9003,-0.3757,1]},
{"frame":33,"values":[0.9986,0.0525,0,0,-0.0522,0.9941,-0.0955,0,0.005,-0.0954,-0.9954,0,0.0084,-0.8722,-0.3762,1]},
{"frame":34,"values":[0.9989,0.0462,0,0,-0.046,0.9944,-0.0955,0,0.0044,-0.0954,-0.9954,0,0.0068,-0.828,-0.377,1]},
{"frame":35,"values":[0.9993,0.0378,0,0,-0.0376,0.9947,-0.0955,0,0.0036,-0.0955,-0.9954,0,0.0049,-0.7741,-0.378,1]},
{"frame":36,"values":[0.9996,0.028,0,0,-0.0279,0.995,-0.0955,0,0.0027,-0.0955,-0.9954,0,0.0029,-0.7203,-0.3789,1]},
{"frame":37,"values":[0.9998,0.0179,0,0,-0.0178,0.9953,-0.0955,0,0.0017,-0.0955,-0.9954,0,0.0013,-0.6761,-0.3797,1]},
{"frame":38,"values":[1,0.0084,0,0,-0.0084,0.9954,-0.0955,0,0.0008,-0.0955,-0.9954,0,0.0003,-0.648,-0.3802,1]},
{"frame":39,"values":[1,0,0,0,0,0.9954,-0.0955,0,0,-0.0955,-0.9954,0,0,-0.6386,-0.3804,1]},
{"frame":40,"values":[1,-0.0087,0,0,0.0087,0.9954,-0.0955,0,-0.0008,-0.0955,-0.9954,0,0,-0.6473,-0.3812,1]},
{"frame":41,"values":[0.9998,-0.0192,0,0,0.0191,0.9952,-0.0955,0,-0.0018,-0.0955,-0.9954,0,0,-0.6733,-0.3838,1]},
{"frame":42,"values":[0.9995,-0.0308,0,0,0.0307,0.995,-0.0955,0,-0.0029,-0.0955,-0.9954,0,0,-0.7143,-0.3879,1]},
{"frame":43,"values":[0.9991,-0.0425,0,0,0.0423,0.9945,-0.0955,0,-0.0041,-0.0955,-0.9954,0,0,-0.7642,-0.3928,1]},
{"frame":44,"values":[0.9986,-0.0528,0,0,0.0525,0.994,-0.0955,0,-0.005,-0.0954,-0.9954,0,0,-0.8141,-0.3978,1]},
{"frame":45,"values":[0.9982,-0.0606,0,0,0.0603,0.9936,-0.0955,0,-0.0058,-0.0954,-0.9954,0,0,-0.8551,-0.4018,1]},
{"frame":46,"values":[0.9979,-0.0652,0,0,0.0649,0.9933,-0.0955,0,-0.0062,-0.0953,-0.9954,0,0,-0.8811,-0.4044,1]},
{"frame":47,"values":[0.9978,-0.0668,0,0,0.0664,0.9932,-0.0955,0,-0.0064,-0.0953,-0.9954,0,0,-0.8898,-0.4053,1]},
{"frame":48,"values":[0.9979,-0.0652,0,0,0.0649,0.9933,-0.0955,0,-0.0062,-0.0953,-0.9954,0,0,-0.8811,-0.4044,1]},
{"frame":49,"values":[0.9982,-0.0606,0,0,0.0603,0.9936,-0.0955,0,-0.0058,-0.0954,-0.9954,0,0,-0.8551,-0.4018,1]},
{"frame":50,"values":[0.9986,-0.0528,0,0,0.0525,0.994,-0.0955,0,-0.005,-0.0954,-0.9954,0,0,-0.8141,-0.3978,1]},
{"frame":51,"values":[0.9991,-0.0425,0,0,0.0423,0.9945,-0.0955,0,-0.0041,-0.0955,-0.9954,0,0,-0.7642,-0.3928,1]},
{"frame":52,"values":[0.9995,-0.0308,0,0,0.0307,0.995,-0.0955,0,-0.0029,-0.0955,-0.9954,0,0,-0.7143,-0.3879,1]},
{"frame":53,"values":[0.9998,-0.0192,0,0,0.0191,0.9952,-0.0955,0,-0.0018,-0.0955,-0.9954,0,0,-0.6733,-0.3838,1]},
{"frame":54,"values":[1,-0.0087,0,0,0.0087,0.9954,-0.0955,0,-0.0008,-0.0955,-0.9954,0,0,-0.6473,-0.3812,1]},
{"frame":55,"values":[1,0,0,0,0,0.9954,-0.0955,0,0,-0.0955,-0.9954,0,0,-0.6386,-0.3804,1]},
{"frame":56,"values":[1,0.0084,0,0,-0.0084,0.9954,-0.0955,0,0.0008,-0.0955,-0.9954,0,0.0003,-0.648,-0.3802,1]},
{"frame":57,"values":[0.9998,0.0179,0,0,-0.0178,0.9953,-0.0955,0,0.0017,-0.0955,-0.9954,0,0.0013,-0.6761,-0.3797,1]},
{"frame":58,"values":[0.9996,0.028,0,0,-0.0279,0.995,-0.0955,0,0.0027,-0.0955,-0.9954,0,0.0029,-0.7203,-0.3789,1]},
{"frame":59,"values":[0.9993,0.0378,0,0,-0.0376,0.9947,-0.0955,0,0.0036,-0.0955,-0.9954,0,0.0049,-0.7741,-0.378,1]},
{"frame":60,"values":[0.9989,0.0462,0,0,-0.046,0.9944,-0.0955,0,0.0044,-0.0954,-0.9954,0,0.0068,-0.828,-0.377,1]},
{"frame":61,"values":[0.9986,0.0525,0,0,-0.0522,0.9941,-0.0955,0,0.005,-0.0954,-0.9954,0,0.0084,-0.8722,-0.3762,1]},
{"frame":62,"values":[0.9984,0.0562,0,0,-0.0559,0.9939,-0.0955,0,0.0054,-0.0954,-0.9954,0,0.0094,-0.9003,-0.3757,1]},
{"frame":63,"values":[0.9984,0.0573,0,0,-0.0571,0.9938,-0.0955,0,0.0055,-0.0954,-0.9954,0,0.0097,-0.9097,-0.3756,1]},
{"frame":64,"values":[0.9984,0.0569,0,0,-0.0566,0.9938,-0.0955,0,0.0054,-0.0954,-0.9954,0,0.0097,-0.9062,-0.3755,1]},
{"frame":65,"values":[0.9985,0.0556,0,0,-0.0553,0.9939,-0.0955,0,0.0053,-0.0954,-0.9954,0,0.0094,-0.8958,-0.3754,1]},
{"frame":66,"values":[0.9986,0.0534,0,0,-0.0531,0.994,-0.0955,0,0.0051,-0.0954,-0.9954,0,0.0091,-0.8784,-0.3752,1]},
{"frame":67,"values":[0.9987,0.0503,0,0,-0.0501,0.9942,-0.0955,0,0.0048,-0.0954,-0.9954,0,0.0085,-0.8543,-0.3749,1]},
{"frame":68,"values":[0.9989,0.0465,0,0,-0.0462,0.9943,-0.0955,0,0.0044,-0.0954,-0.9954,0,0.0079,-0.824,-0.3746,1]},
{"frame":69,"values":[0.9991,0.0419,0,0,-0.0417,0.9945,-0.0955,0,0.004,-0.0955,-0.9954,0,0.0071,-0.7883,-0.3741,1]},
{"frame":70,"values":[0.9993,0.0369,0,0,-0.0367,0.9947,-0.0955,0,0.0035,-0.0955,-0.9954,0,0.0063,-0.7484,-0.3737,1]},
{"frame":71,"values":[0.9995,0.0314,0,0,-0.0313,0.9949,-0.0955,0,0.003,-0.0955,-0.9954,0,0.0053,-0.7059,-0.3732,1]},
{"frame":72,"values":[0.9997,0.0259,0,0,-0.0258,0.9951,-0.0955,0,0.0025,-0.0955,-0.9954,0,0.0044,-0.6625,-0.3726,1]},
{"frame":73,"values":[0.9998,0.0205,0,0,-0.0204,0.9952,-0.0955,0,0.002,-0.0955,-0.9954,0,0.0035,-0.6199,-0.3721,1]},
{"frame":74,"values":[0.9999,0.0154,0,0,-0.0154,0.9953,-0.0955,0,0.0015,-0.0955,-0.9954,0,0.0026,-0.5801,-0.3717,1]},
{"frame":75,"values":[0.9999,0.0109,0,0,-0.0108,0.9954,-0.0955,0,0.001,-0.0955,-0.9954,0,0.0018,-0.5444,-0.3713,1]},
{"frame":76,"values":[1,0.007,0,0,-0.007,0.9954,-0.0955,0,0.0007,-0.0955,-0.9954,0,0.0012,-0.5141,-0.3709,1]},
{"frame":77,"values":[1,0.004,0,0,-0.004,0.9954,-0.0955,0,0.0004,-0.0955,-0.9954,0,0.0007,-0.4899,-0.3706,1]},
{"frame":78,"values":[1,0.0018,0,0,-0.0018,0.9954,-0.0955,0,0.0002,-0.0955,-0.9954,0,0.0003,-0.4726,-0.3704,1]},
{"frame":79,"values":[1,0.0004,0,0,-0.0004,0.9954,-0.0955,0,0,-0.0955,-0.9954,0,0.0001,-0.4622,-0.3703,1]}],"loopBehavior":1,"name":"anim","property":"_matrix"}},
{"name":"chest","index":5,"matrix":[0.9995,0.0079,-0.0317,0,-0.0077,0.9999,0.0077,0,0.0318,-0.0075,0.9995,0,0,1.0046,0,1],"rest":[1,0,0,0,0,0.9974,-0.0726,0,0,0.0726,0.9974,0,0,1.0046,0,1],"parentBoneIndex":4,"length":1.0442
,"animation":{"dataType":3,"framePerSecond":24,"keys":[
{"frame":-1,"values":[0.9995,0.0079,-0.0317,0,-0.0077,0.9999,0.0077,0,0.0318,-0.0075,0.9995,0,0,1.0046,0,1]},
{"frame":1,"values":[0.9993,0.0159,-0.0348,0,-0.0149,0.9994,0.0299,0,0.0352,-0.0294,0.9989,0,0,1.0046,0,1]},
{"frame":2,"values":[0.9987,0.0317,-0.0402,0,-0.0286,0.9969,0.0734,0,0.0424,-0.0721,0.9965,0,0,1.0046,0,1]},
{"frame":3,"values":[0.9977,0.0503,-0.0457,0,-0.0443,0.9913,0.124,0,0.0515,-0.1217,0.9912,0,0,1.0046,0,1]},
{"frame":4,"values":[0.9963,0.07,-0.0504,0,-0.0601,0.9825,0.1764,0,0.0618,-0.1727,0.983,0,0,1.0046,0,1]},
{"frame":5,"values":[0.9945,0.0894,-0.0539,0,-0.075,0.971,0.2272,0,0.0727,-0.2219,0.9724,0,0,1.0046,0,1]},
{"frame":6,"values":[0.9926,0.1077,-0.0563,0,-0.0883,0.9576,0.2742,0,0.0835,-0.2672,0.96,0,0,1.0046,0,1]},
{"frame":7,"values":[0.9906,0.1241,-0.0577,0,-0.0998,0.9435,0.3159,0,0.0937,-0.3072,0.947,0,0,1.0046,0,1]},
{"frame":8,"values":[0.9887,0.1381,-0.0583,0,-0.1092,0.9301,0.3508,0,0.1027,-0.3405,0.9346,0,0,1.0046,0,1]},
{"frame":9,"values":[0.9871,0.1489,-0.0584,0,-0.1162,0.9186,0.3776,0,0.1099,-0.366,0.9241,0,0,1.0046,0,1]},
{"frame":10,"values":[0.986,0.156,-0.0584,0,-0.1207,0.9107,0.395,0,0.1148,-0.3824,0.9168,0,0,1.0046,0,1]},
{"frame":11,"values":[0.9856,0.1586,-0.0583,0,-0.1223,0.9078,0.4013,0,0.1165,-0.3884,0.9141,0,0,1.0046,0,1]},
{"frame":12,"values":[0.9867,0.1517,-0.0584,0,-0.118,0.9156,0.3844,0,0.1118,-0.3724,0.9213,0,0,1.0046,0,1]},
{"frame":13,"values":[0.9897,0.1312,-0.0581,0,-0.1046,0.9369,0.3337,0,0.0982,-0.3241,0.9409,0,0,1.0046,0,1]},
{"frame":14,"values":[0.9935,0.0999,-0.0554,0,-0.0827,0.9636,0.2542,0,0.0788,-0.248,0.9656,0,0,1.0046,0,1]},
{"frame":15,"values":[0.9967,0.0645,-0.0492,0,-0.0558,0.9852,0.1619,0,0.0589,-0.1587,0.9856,0,0,1.0046,0,1]},
{"frame":16,"values":[0.9986,0.034,-0.041,0,-0.0307,0.9963,0.0798,0,0.0435,-0.0784,0.996,0,0,1.0046,0,1]},
{"frame":17,"values":[0.9993,0.0144,-0.0342,0,-0.0136,0.9996,0.0259,0,0.0346,-0.0254,0.9991,0,0,1.0046,0,1]},
{"frame":18,"values":[0.9995,0.0079,-0.0317,0,-0.0077,0.9999,0.0077,0,0.0318,-0.0075,0.9995,0,0,1.0046,0,1]},
{"frame":24,"values":[0.9995,0.0047,-0.0314,0,-0.0045,1,0.0075,0,0.0315,-0.0073,0.9995,0,0,1.0046,0,1]},
{"frame":25,"values":[0.9995,-0.0048,-0.0306,0,0.005,1,0.0068,0,0.0305,-0.0069,0.9995,0,0,1.0046,0,1]},
{"frame":26,"values":[0.9994,-0.0198,-0.0292,0,0.0199,0.9998,0.0056,0,0.0291,-0.0062,0.9996,0,0,1.0046,0,1]},
{"frame":27,"values":[0.9989,-0.038,-0.0275,0,0.0382,0.9993,0.004,0,0.0273,-0.0051,0.9996,0,0,1.0046,0,1]},
{"frame":28,"values":[0.9981,-0.0563,-0.0258,0,0.0564,0.9984,0.0023,0,0.0256,-0.0038,0.9997,0,0,1.0046,0,1]},
{"frame":29,"values":[0.9972,-0.0712,-0.0243,0,0.0713,0.9975,0.0006,0,0.0242,-0.0023,0.9997,0,0,1.0046,0,1]},
{"frame":30,"values":[0.9965,-0.0807,-0.0234,0,0.0807,0.9967,-0.001,0,0.0234,-0.0009,0.9997,0,0,1.0046,0,1]},
{"frame":31,"values":[0.9962,-0.0839,-0.023,0,0.0839,0.9965,-0.0024,0,0.0231,0.0005,0.9997,0,0,1.0046,0,1]},
{"frame":32,"values":[0.9964,-0.082,-0.0232,0,0.0819,0.9966,-0.0039,0,0.0235,0.0019,0.9997,0,0,1.0046,0,1]},
{"frame":33,"values":[0.9968,-0.0759,-0.0239,0,0.0757,0.9971,-0.0055,0,0.0243,0.0037,0.9997,0,0,1.0046,0,1]},
{"frame":34,"values":[0.9975,-0.0656,-0.0252,0,0.0654,0.9978,-0.0074,0,0.0256,0.0057,0.9997,0,0,1.0046,0,1]},
{"frame":35,"values":[0.9983,-0.0518,-0.0267,0,0.0516,0.9986,-0.0092,0,0.0272,0.0078,0.9996,0,0,1.0046,0,1]},
{"frame":36,"values":[0.9989,-0.0361,-0.0284,0,0.0358,0.9993,-0.0108,0,0.0288,0.0098,0.9995,0,0,1.0046,0,1]},
{"frame":37,"values":[0.9993,-0.0201,-0.03,0,0.0198,0.9997,-0.0119,0,0.0302,0.0113,0.9995,0,0,1.0046,0,1]},
{"frame":38,"values":[0.9995,-0.0054,-0.0311,0,0.005,0.9999,-0.0125,0,0.0312,0.0124,0.9994,0,0,1.0046,0,1]},
{"frame":39,"values":[0.9995,0.0073,-0.0319,0,-0.0077,0.9999,-0.0127,0,0.0318,0.0129,0.9994,0,0,1.0046,0,1]},
{"frame":40,"values":[0.9993,0.02,-0.032,0,-0.0204,0.9997,-0.0125,0,0.0317,0.0131,0.9994,0,0,1.0046,0,1]},
{"frame":41,"values":[0.9989,0.035,-0.0313,0,-0.0354,0.9993,-0.0123,0,0.0308,0.0134,0.9994,0,0,1.0046,0,1]},
{"frame":42,"values":[0.9982,0.0512,-0.0297,0,-0.0516,0.9986,-0.0121,0,0.029,0.0136,0.9995,0,0,1.0046,0,1]},
{"frame":43,"values":[0.9974,0.0673,-0.0271,0,-0.0677,0.9976,-0.012,0,0.0262,0.0138,0.9996,0,0,1.0046,0,1]},
{"frame":44,"values":[0.9964,0.0815,-0.0238,0,-0.0818,0.9966,-0.0119,0,0.0227,0.0138,0.9996,0,0,1.0046,0,1]},
{"frame":45,"values":[0.9955,0.0921,-0.02,0,-0.0924,0.9957,-0.012,0,0.0188,0.0138,0.9997,0,0,1.0046,0,1]},
{"frame":46,"values":[0.995,0.0986,-0.016,0,-0.0988,0.995,-0.0121,0,0.0147,0.0136,0.9998,0,0,1.0046,0,1]},
{"frame":47,"values":[0.9948,0.1007,-0.012,0,-0.1009,0.9948,-0.0123,0,0.0107,0.0134,0.9999,0,0,1.0046,0,1]},
{"frame":48,"values":[0.9951,0.0983,-0.0072,0,-0.0984,0.9951,-0.0125,0,0.006,0.0132,0.9999,0,0,1.0046,0,1]},
{"frame":49,"values":[0.9959,0.0906,-0.001,0,-0.0906,0.9958,-0.0128,0,-0.0001,0.0129,0.9999,0,0,1.0046,0,1]},
{"frame":50,"values":[0.997,0.0776,0.0063,0,-0.0775,0.9969,-0.0131,0,-0.0073,0.0126,0.9999,0,0,1.0046,0,1]},
{"frame":51,"values":[0.9981,0.0605,0.014,0,-0.0603,0.9981,-0.0133,0,-0.0148,0.0125,0.9998,0,0,1.0046,0,1]},
{"frame":52,"values":[0.9989,0.0413,0.0211,0,-0.041,0.9991,-0.0133,0,-0.0216,0.0124,0.9997,0,0,1.0046,0,1]},
{"frame":53,"values":[0.9994,0.0225,0.0267,0,-0.0222,0.9997,-0.0132,0,-0.027,0.0126,0.9996,0,0,1.0046,0,1]},
{"frame":54,"values":[0.9995,0.006,0.0304,0,-0.0056,0.9999,-0.0129,0,-0.0304,0.0127,0.9995,0,0,1.0046,0,1]},
{"frame":55,"values":[0.9995,-0.0073,0.0319,0,0.0077,0.9999,-0.0127,0,-0.0318,0.0129,0.9994,0,0,1.0046,0,1]},
{"frame":56,"values":[0.9993,-0.0195,0.0305,0,0.0198,0.9997,-0.0121,0,-0.0302,0.0127,0.9995,0,0,1.0046,0,1]},
{"frame":57,"values":[0.9991,-0.0327,0.0253,0,0.033,0.9994,-0.0111,0,-0.0249,0.0119,0.9996,0,0,1.0046,0,1]},
{"frame":58,"values":[0.9988,-0.0463,0.0167,0,0.0465,0.9989,-0.0097,0,-0.0163,0.0104,0.9998,0,0,1.0046,0,1]},
{"frame":59,"values":[0.9982,-0.0592,0.006,0,0.0592,0.9982,-0.008,0,-0.0056,0.0084,0.9999,0,0,1.0046,0,1]},
{"frame":60,"values":[0.9975,-0.07,-0.0049,0,0.07,0.9975,-0.0063,0,0.0053,0.006,1,0,0,1.0046,0,1]},
{"frame":61,"values":[0.9969,-0.0779,-0.0141,0,0.0778,0.997,-0.0048,0,0.0145,0.0037,0.9999,0,0,1.0046,0,1]},
{"frame":62,"values":[0.9964,-0.0825,-0.0204,0,0.0824,0.9966,-0.0035,0,0.0206,0.0018,0.9998,0,0,1.0046,0,1]},
{"frame":63,"values":[0.9962,-0.0839,-0.023,0,0.0839,0.9965,-0.0024,0,0.0231,0.0005,0.9997,0,0,1.0046,0,1]},
{"frame":64,"values":[0.9962,-0.0832,-0.0239,0,0.0832,0.9965,-0.0015,0,0.0239,-0.0005,0.9997,0,0,1.0046,0,1]},
{"frame":65,"values":[0.9964,-0.0811,-0.0247,0,0.0812,0.9967,-0.0006,0,0.0247,-0.0014,0.9997,0,0,1.0046,0,1]},
{"frame":66,"values":[0.9967,-0.0776,-0.0255,0,0.0777,0.997,0.0004,0,0.0254,-0.0023,0.9997,0,0,1.0046,0,1]},
{"frame":67,"values":[0.997,-0.0727,-0.0263,0,0.0728,0.9973,0.0013,0,0.0262,-0.0032,0.9997,0,0,1.0046,0,1]},
{"frame":68,"values":[0.9974,-0.0666,-0.0271,0,0.0666,0.9978,0.0022,0,0.0269,-0.004,0.9996,0,0,1.0046,0,1]},
{"frame":69,"values":[0.9979,-0.0593,-0.0279,0,0.0594,0.9982,0.003,0,0.0277,-0.0047,0.9996,0,0,1.0046,0,1]},
{"frame":70,"values":[0.9983,-0.0512,-0.0286,0,0.0513,0.9987,0.0038,0,0.0284,-0.0053,0.9996,0,0,1.0046,0,1]},
{"frame":71,"values":[0.9987,-0.0425,-0.0292,0,0.0427,0.9991,0.0046,0,0.029,-0.0058,0.9996,0,0,1.0046,0,1]},
{"frame":72,"values":[0.999,-0.0336,-0.0298,0,0.0338,0.9994,0.0053,0,0.0296,-0.0063,0.9995,0,0,1.0046,0,1]},
{"frame":73,"values":[0.9992,-0.025,-0.0303,0,0.0252,0.9997,0.0059,0,0.0301,-0.0066,0.9995,0,0,1.0046,0,1]},
{"frame":74,"values":[0.9994,-0.0168,-0.0307,0,0.017,0.9998,0.0064,0,0.0306,-0.0069,0.9995,0,0,1.0046,0,1]},
{"frame":75,"values":[0.9995,-0.0096,-0.031,0,0.0098,0.9999,0.0068,0,0.031,-0.0071,0.9995,0,0,1.0046,0,1]},
{"frame":76,"values":[0.9995,-0.0034,-0.0313,0,0.0036,1,0.0072,0,0.0313,-0.0073,0.9995,0,0,1.0046,0,1]},
{"frame":77,"values":[0.9995,0.0016,-0.0315,0,-0.0013,1,0.0074,0,0.0315,-0.0074,0.9995,0,0,1.0046,0,1]},
{"frame":78,"values":[0.9995,0.0051,-0.0316,0,-0.0049,1,0.0076,0,0.0317,-0.0074,0.9995,0,0,1.0046,0,1]},
{"frame":79,"values":[0.9995,0.0072,-0.0317,0,-0.007,0.9999,0.0077,0,0.0318,-0.0075,0.9995,0,0,1.0046,0,1]}],"loopBehavior":1,"name":"anim","property":"_matrix"}},
{"name":"head","index":6,"matrix":[0.9994,-0.0312,0.0167,0,0.0316,0.9991,-0.0285,0,-0.0158,0.0291,0.9995,0,0,1.0442,0,1],"rest":[1,0,0,0,0,0.9915,-0.1297,0,0,0.1297,0.9915,0,0,1.0442,0,1],"parentBoneIndex":5,"length":1.1223
,"animation":{"dataType":3,"framePerSecond":24,"keys":[
{"frame":-1,"values":[0.9994,-0.0312,0.0167,0,0.0316,0.9991,-0.0285,0,-0.0158,0.0291,0.9995,0,0,1.0442,0,1]},
{"frame":1,"values":[0.9996,-0.0252,0.0135,0,0.0254,0.9995,-0.0206,0,-0.0129,0.0209,0.9997,0,0,1.0442,0,1]},
{"frame":2,"values":[0.9999,-0.0134,0.0073,0,0.0134,0.9999,-0.0051,0,-0.0073,0.0052,1,0,0,1.0442,0,1]},
{"frame":3,"values":[1,0.0004,0.0004,0,-0.0004,0.9999,0.0131,0,-0.0004,-0.0131,0.9999,0,0,1.0442,0,1]},
{"frame":4,"values":[0.9999,0.0149,-0.0065,0,-0.0147,0.9994,0.032,0,0.007,-0.0319,0.9995,0,0,1.0442,0,1]},
{"frame":5,"values":[0.9995,0.0292,-0.013,0,-0.0285,0.9983,0.0506,0,0.0144,-0.0502,0.9986,0,0,1.0442,0,1]},
{"frame":6,"values":[0.9989,0.0426,-0.0188,0,-0.0412,0.9968,0.068,0,0.0217,-0.0672,0.9975,0,0,1.0442,0,1]},
{"frame":7,"values":[0.9982,0.0548,-0.0239,0,-0.0526,0.9951,0.0838,0,0.0283,-0.0823,0.9962,0,0,1.0442,0,1]},
{"frame":8,"values":[0.9975,0.0652,-0.028,0,-0.0622,0.9933,0.0971,0,0.0341,-0.0952,0.9949,0,0,1.0442,0,1]},
{"frame":9,"values":[0.9968,0.0733,-0.0311,0,-0.0696,0.9918,0.1076,0,0.0387,-0.1051,0.9937,0,0,1.0442,0,1]},
{"frame":10,"values":[0.9964,0.0786,-0.0331,0,-0.0744,0.9906,0.1144,0,0.0418,-0.1116,0.9929,0,0,1.0442,0,1]},
{"frame":11,"values":[0.9962,0.0806,-0.0338,0,-0.0761,0.9902,0.1169,0,0.0429,-0.1139,0.9926,0,0,1.0442,0,1]},
{"frame":12,"values":[0.9966,0.0754,-0.0319,0,-0.0714,0.9913,0.1103,0,0.0399,-0.1076,0.9934,0,0,1.0442,0,1]},
{"frame":13,"values":[0.9979,0.06,-0.026,0,-0.0575,0.9942,0.0905,0,0.0313,-0.0889,0.9956,0,0,1.0442,0,1]},
{"frame":14,"values":[0.9992,0.0369,-0.0164,0,-0.0358,0.9975,0.0606,0,0.0186,-0.0599,0.998,0,0,1.0442,0,1]},
{"frame":15,"values":[0.9999,0.0109,-0.0046,0,-0.0108,0.9996,0.0268,0,0.0049,-0.0267,0.9996,0,0,1.0442,0,1]},
{"frame":16,"values":[0.9999,-0.0117,0.0064,0,0.0117,0.9999,-0.0028,0,-0.0064,0.0029,1,0,0,1.0442,0,1]},
{"frame":17,"values":[0.9996,-0.0263,0.014,0,0.0266,0.9994,-0.0221,0,-0.0135,0.0224,0.9997,0,0,1.0442,0,1]},
{"frame":18,"values":[0.9994,-0.0312,0.0167,0,0.0316,0.9991,-0.0285,0,-0.0158,0.0291,0.9995,0,0,1.0442,0,1]},
{"frame":24,"values":[0.9994,-0.0312,0.0167,0,0.0317,0.9991,-0.0295,0,-0.0158,0.03,0.9994,0,0,1.0442,0,1]},
{"frame":25,"values":[0.9994,-0.0312,0.0168,0,0.0318,0.999,-0.0326,0,-0.0157,0.0331,0.9993,0,0,1.0442,0,1]},
{"frame":26,"values":[0.9994,-0.0313,0.0169,0,0.0319,0.9988,-0.0377,0,-0.0157,0.0382,0.9991,0,0,1.0442,0,1]},
{"frame":27,"values":[0.9994,-0.0314,0.0171,0,0.0321,0.9985,-0.0446,0,-0.0156,0.0451,0.9989,0,0,1.0442,0,1]},
{"frame":28,"values":[0.9994,-0.0315,0.0172,0,0.0324,0.9981,-0.0523,0,-0.0156,0.0528,0.9985,0,0,1.0442,0,1]},
{"frame":29,"values":[0.9993,-0.0316,0.0174,0,0.0326,0.9977,-0.0601,0,-0.0155,0.0606,0.998,0,0,1.0442,0,1]},
