{"producer":{"name":"Blender","version":"2.77 (sub 0)","exporter_version":"4.4.3","file":"troll.babylon"},
"autoClear":true,"clearColor":[0.0509,0.0509,0.0509],"ambientColor":[0,0,0],"gravity":[0,-9.81,0],
"materials":[{"name":"troll.slow_body.tga","id":"troll.slow_body.tga","ambient":[0.588,0.588,0.588],"diffuse":[0.4704,0.4704,0.4704],"specular":[0,0,0],"emissive":[0,0,0],"specularPower":11,"alpha":1,"backFaceCulling":true,"checkReadyOnlyOnce":false, 
"diffuseTexture":{"name":"slow_body.jpg","level":1,"hasAlpha":1,"coordinatesMode":0,"uOffset":0,"vOffset":0,"uScale":1,"vScale":1,"uAng":0,"vAng":0,"wAng":0,"wrapU":1,"wrapV":1,"coordinatesIndex":0}},
{"name":"troll.slow_suspender.tga","id":"troll.slow_suspender.tga","ambient":[0.588,0.588,0.588],"diffuse":[0.4704,0.4704,0.4704],"specular":[0,0,0],"emissive":[0,0,0],"specularPower":11,"alpha":1,"backFaceCulling":true,"checkReadyOnlyOnce":false, 
"diffuseTexture":{"name":"slow_suspender.jpg","level":1,"hasAlpha":1,"coordinatesMode":0,"uOffset":0,"vOffset":0,"uScale":1,"vScale":1,"uAng":0,"vAng":0,"wAng":0,"wrapU":1,"wrapV":1,"coordinatesIndex":0}},
{"name":"troll.slow_armor.tga","id":"troll.slow_armor.tga","ambient":[0.588,0.588,0.588],"diffuse":[0.4704,0.4704,0.4704],"specular":[0,0,0],"emissive":[0,0,0],"specularPower":11,"alpha":1,"backFaceCulling":true,"checkReadyOnlyOnce":false, 
"diffuseTexture":{"name":"slow_armor.jpg","level":1,"hasAlpha":1,"coordinatesMode":0,"uOffset":0,"vOffset":0,"uScale":1,"vScale":1,"uAng":0,"vAng":0,"wAng":0,"wrapU":1,"wrapV":1,"coordinatesIndex":0}},
{"name":"troll.slow_weapon.tga","id":"troll.slow_weapon.tga","ambient":[0.588,0.588,0.588],"diffuse":[0.4704,0.4704,0.4704],"specular":[0,0,0],"emissive":[0,0,0],"specularPower":11,"alpha":1,"backFaceCulling":true,"checkReadyOnlyOnce":false, 
"diffuseTexture":{"name":"slow_weapon.jpg","level":1,"hasAlpha":1,"coordinatesMode":0,"uOffset":0,"vOffset":0,"uScale":1,"vScale":1,"uAng":0,"vAng":0,"wAng":0,"wrapU":1,"wrapV":1,"coordinatesIndex":0}}],
"multiMaterials":[{"name":"troll.Multimaterial#0","id":"troll.Multimaterial#0","materials":["troll.slow_body.tga","troll.slow_suspender.tga","troll.slow_armor.tga","troll.slow_weapon.tga"]}],
"skeletons":[{"name":"Armature","id":0,"bones":[
{"name":"stomach","index":0,"matrix":[1.6645,0,0,0,0,1.6645,0,0,0,0,-1.6645,0,0,0.2898,0.5625,1],"rest":[1.6645,0,0,0,0,1.6645,0,0,0,0,-1.6645,0,0,0.2898,0.5625,1],"parentBoneIndex":-1,"length":1.1741
,"animation":{"dataType":3,"framePerSecond":30,"keys":[
{"frame":87,"values":[1.6645,0,0,0,0,1.6645,0,0,0,0,-1.6645,0,0,0.2898,0.5625,1]},
{"frame":88,"values":[1.6645,0,0,0,0,1.6645,0,0,0,0,-1.6645,0,0,0.2765,0.5585,1]},
{"frame":89,"values":[1.6645,0,0,0,0,1.6645,0,0,0,0,-1.6645,0,0,0.2374,0.5465,1]},
{"frame":90,"values":[1.6645,0,0,0,0,1.6645,0,0,0,0,-1.6645,0,0,0.1777,0.5283,1]},
{"frame":91,"values":[1.6645,0,0,0,0,1.6645,0,0,0,0,-1.6645,0,0,0.1099,0.5077,1]},
{"frame":92,"values":[1.6645,0,0,0,0,1.6645,0,0,0,0,-1.6645,0,0,0.0502,0.4895,1]},
{"frame":93,"values":[1.6645,0,0,0,0,1.6645,0,0,0,0,-1.6645,0,0,0.011,0.4775,1]},
{"frame":94,"values":[1.6645,0,0,0,0,1.6645,0,0,0,0,-1.6645,0,0,-0.0022,0.4735,1]},
{"frame":95,"values":[1.6645,0,0,0,0,1.6645,0,0,0,0,-1.6645,0,0,0.0085,0.4735,1]},
{"frame":96,"values":[1.6645,0,0,0,0,1.6645,0,0,0,0,-1.6645,0,0,0.0405,0.4735,1]},
{"frame":97,"values":[1.6645,0,0,0,0,1.6645,0,0,0,0,-1.6645,0,0,0.091,0.4735,1]},
{"frame":98,"values":[1.6645,0,0,0,0,1.6645,0,0,0,0,-1.6645,0,0,0.1524,0.4735,1]},
{"frame":99,"values":[1.6645,0,0,0,0,1.6645,0,0,0,0,-1.6645,0,0,0.2138,0.4735,1]},
{"frame":100,"values":[1.6645,0,0,0,0,1.6645,0,0,0,0,-1.6645,0,0,0.2642,0.4735,1]},
{"frame":101,"values":[1.6645,0,0,0,0,1.6645,0,0,0,0,-1.6645,0,0,0.2962,0.4735,1]},
{"frame":102,"values":[1.6645,0,0,0,0,1.6645,0,0,0,0,-1.6645,0,0,0.307,0.4735,1]},
{"frame":103,"values":[1.6645,0,0,0,0,1.6645,0,0,0,0,-1.6645,0,0,0.2962,0.4735,1]},
{"frame":104,"values":[1.6645,0,0,0,0,1.6645,0,0,0,0,-1.6645,0,0,0.2642,0.4735,1]},
{"frame":105,"values":[1.6645,0,0,0,0,1.6645,0,0,0,0,-1.6645,0,0,0.2138,0.4735,1]},
{"frame":106,"values":[1.6645,0,0,0,0,1.6645,0,0,0,0,-1.6645,0,0,0.1524,0.4735,1]},
{"frame":107,"values":[1.6645,0,0,0,0,1.6645,0,0,0,0,-1.6645,0,0,0.091,0.4735,1]},
{"frame":108,"values":[1.6645,0,0,0,0,1.6645,0,0,0,0,-1.6645,0,0,0.0405,0.4735,1]},
{"frame":109,"values":[1.6645,0,0,0,0,1.6645,0,0,0,0,-1.6645,0,0,0.0085,0.4735,1]},
{"frame":110,"values":[1.6645,0,0,0,0,1.6645,0,0,0,0,-1.6645,0,0,-0.0022,0.4735,1]},
{"frame":111,"values":[1.6645,0,0,0,0,1.6645,0,0,0,0,-1.6645,0,0,0.0085,0.4735,1]},
{"frame":112,"values":[1.6645,0,0,0,0,1.6645,0,0,0,0,-1.6645,0,0,0.0405,0.4735,1]},
{"frame":113,"values":[1.6645,0,0,0,0,1.6645,0,0,0,0,-1.6645,0,0,0.091,0.4735,1]},
{"frame":114,"values":[1.6645,0,0,0,0,1.6645,0,0,0,0,-1.6645,0,0,0.1524,0.4735,1]},
{"frame":115,"values":[1.6645,0,0,0,0,1.6645,0,0,0,0,-1.6645,0,0,0.2138,0.4735,1]},
{"frame":116,"values":[1.6645,0,0,0,0,1.6645,0,0,0,0,-1.6645,0,0,0.2642,0.4735,1]},
{"frame":117,"values":[1.6645,0,0,0,0,1.6645,0,0,0,0,-1.6645,0,0,0.2962,0.4735,1]},
{"frame":118,"values":[1.6645,0,0,0,0,1.6645,0,0,0,0,-1.6645,0,0,0.307,0.4735,1]},
{"frame":119,"values":[1.6645,0,0,0,0,1.6645,0,0,0,0,-1.6645,0,0,0.2962,0.4735,1]},
{"frame":120,"values":[1.6645,0,0,0,0,1.6645,0,0,0,0,-1.6645,0,0,0.2642,0.4735,1]},
{"frame":121,"values":[1.6645,0,0,0,0,1.6645,0,0,0,0,-1.6645,0,0,0.2138,0.4735,1]},
{"frame":122,"values":[1.6645,0,0,0,0,1.6645,0,0,0,0,-1.6645,0,0,0.1524,0.4735,1]},
{"frame":123,"values":[1.6645,0,0,0,0,1.6645,0,0,0,0,-1.6645,0,0,0.091,0.4735,1]},
{"frame":124,"values":[1.6645,0,0,0,0,1.6645,0,0,0,0,-1.6645,0,0,0.0405,0.4735,1]},
{"frame":125,"values":[1.6645,0,0,0,0,1.6645,0,0,0,0,-1.6645,0,0,0.0085,0.4735,1]},
{"frame":126,"values":[1.6645,0,0,0,0,1.6645,0,0,0,0,-1.6645,0,0,-0.0022,0.4735,1]},
{"frame":127,"values":[1.6645,0,0,0,0,1.6645,0,0,0,0,-1.6645,0,0,0.0079,0.4766,1]},
{"frame":128,"values":[1.6645,0,0,0,0,1.6645,0,0,0,0,-1.6645,0,0,0.0382,0.4858,1]},
{"frame":129,"values":[1.6645,0,0,0,0,1.6645,0,0,0,0,-1.6645,0,0,0.0858,0.5003,1]},
{"frame":130,"values":[1.6645,0,0,0,0,1.6645,0,0,0,0,-1.6645,0,0,0.1438,0.518,1]},
{"frame":131,"values":[1.6645,0,0,0,0,1.6645,0,0,0,0,-1.6645,0,0,0.2018,0.5357,1]},
{"frame":132,"values":[1.6645,0,0,0,0,1.6645,0,0,0,0,-1.6645,0,0,0.2494,0.5502,1]},
{"frame":133,"values":[1.6645,0,0,0,0,1.6645,0,0,0,0,-1.6645,0,0,0.2797,0.5594,1]},
{"frame":134,"values":[1.6645,0,0,0,0,1.6645,0,0,0,0,-1.6645,0,0,0.2898,0.5625,1]},
{"frame":135,"values":[1.6645,0,0,0,0,1.6645,0,0,0,0,-1.6645,0,0,0.2861,0.5618,1]},
{"frame":136,"values":[1.6645,0,0,0,0,1.6645,0,0,0,0,-1.6645,0,0,0.2739,0.5595,1]},
{"frame":137,"values":[1.6645,0,0,0,0,1.6645,0,0,0,0,-1.6645,0,0,0.2524,0.5559,1]},
{"frame":138,"values":[1.6645,0,0,0,0,1.6645,0,0,0,0,-1.6645,0,0,0.2215,0.5516,1]},
{"frame":139,"values":[1.6645,0,0,0,0,1.6645,0,0,0,0,-1.6645,0,0,0.1828,0.5472,1]},
{"frame":140,"values":[1.6645,0,0,0,0,1.6645,0,0,0,0,-1.6645,0,0,0.1393,0.5436,1]},
{"frame":141,"values":[1.6645,0,0,0,0,1.6645,0,0,0,0,-1.6645,0,0,0.0937,0.5413,1]},
{"frame":142,"values":[1.6645,0,0,0,0,1.6645,0,0,0,0,-1.6645,0,0,0.0483,0.5406,1]},
{"frame":143,"values":[1.6645,0,0,0,0,1.6645,0,0,0,0,-1.6645,0,0.0024,-0.0051,0.5476,1]},
{"frame":144,"values":[1.6645,0,0,0,0,1.6645,0,0,0,0,-1.6645,0,0.0095,-0.0749,0.5687,1]},
{"frame":145,"values":[1.6645,0,0,0,0,1.6645,0,0,0,0,-1.6645,0,0.0207,-0.1565,0.6018,1]},
{"frame":146,"values":[1.6645,0,0,0,0,1.6645,0,0,0,0,-1.6645,0,0.0344,-0.2415,0.6421,1]},
{"frame":147,"values":[1.6645,0,0,0,0,1.6645,0,0,0,0,-1.6645,0,0.048,-0.3187,0.6825,1]},
{"frame":148,"values":[1.6645,0,0,0,0,1.6645,0,0,0,0,-1.6645,0,0.0592,-0.3783,0.7156,1]},
{"frame":149,"values":[1.6645,0,0,0,0,1.6645,0,0,0,0,-1.6645,0,0.0663,-0.4146,0.7366,1]},
{"frame":150,"values":[1.6645,0,0,0,0,1.6645,0,0,0,0,-1.6645,0,0.0687,-0.4264,0.7437,1]},
{"frame":151,"values":[1.6645,0,0,0,0,1.6644,-0.0144,0,0,-0.0144,-1.6644,0,0.0684,-0.4228,0.7427,1]},
{"frame":152,"values":[1.6645,0,0,0,0,1.6635,-0.0575,0,0,-0.0575,-1.6635,0,0.0673,-0.4115,0.7399,1]},
{"frame":153,"values":[1.6645,0,0,0,0,1.6596,-0.1269,0,0,-0.1269,-1.6596,0,0.0654,-0.3922,0.735,1]},
{"frame":154,"values":[1.6645,0,0,0,0,1.6506,-0.215,0,0,-0.215,-1.6506,0,0.0628,-0.3653,0.7282,1]},
{"frame":155,"values":[1.6645,0,0,0,0,1.6355,-0.3093,0,0,-0.3093,-1.6355,0,0.0597,-0.3325,0.7199,1]},
{"frame":156,"values":[1.6645,0,0,0,0,1.6167,-0.3959,0,0,-0.3959,-1.6167,0,0.0562,-0.2965,0.7108,1]},
{"frame":157,"values":[1.6645,0,0,0,0,1.5988,-0.463,0,0,-0.463,-1.5988,0,0.0527,-0.2599,0.7015,1]},
{"frame":158,"values":[1.6645,0,0,0,0,1.5863,-0.5043,0,0,-0.5043,-1.5863,0,0.0494,-0.2249,0.6927,1]},
{"frame":159,"values":[1.6645,0,0,0,0,1.5818,-0.518,0,0,-0.518,-1.5818,0,0.0463,-0.193,0.6846,1]},
{"frame":160,"values":[1.6645,0,0,0,0,1.5837,-0.5123,0,0,-0.5123,-1.5837,0,0.0432,-0.1603,0.6775,1]},
{"frame":161,"values":[1.6645,0,0,0,0,1.5891,-0.4953,0,0,-0.4953,-1.5891,0,0.0396,-0.1227,0.6714,1]},
{"frame":162,"values":[1.6645,0,0,0,0,1.5977,-0.4668,0,0,-0.4668,-1.5977,0,0.0355,-0.0807,0.6661,1]},
{"frame":163,"values":[1.6645,0,0,0,0,1.6087,-0.4275,0,0,-0.4275,-1.6087,0,0.0312,-0.035,0.6613,1]},
{"frame":164,"values":[1.6645,0,0,0,0,1.6209,-0.3786,0,0,-0.3786,-1.6209,0,0.0265,0.0132,0.6569,1]},
{"frame":165,"values":[1.6645,0,0,0,0,1.633,-0.3225,0,0,-0.3225,-1.633,0,0.0218,0.0623,0.6523,1]},
{"frame":166,"values":[1.6645,0,0,0,0,1.6437,-0.2623,0,0,-0.2623,-1.6437,0,0.0172,0.1103,0.647,1]},
{"frame":167,"values":[1.6645,0,0,0,0,1.6522,-0.2017,0,0,-0.2017,-1.6522,0,0.0129,0.1554,0.6406,1]},
{"frame":168,"values":[1.6645,0,0,0,0,1.6582,-0.1446,0,0,-0.1446,-1.6582,0,0.009,0.1956,0.6327,1]},
{"frame":169,"values":[1.6645,0,0,0,0,1.6618,-0.0943,0,0,-0.0943,-1.6618,0,0.0058,0.2295,0.6228,1]},
{"frame":170,"values":[1.6645,0,0,0,0,1.6636,-0.0535,0,0,-0.0535,-1.6636,0,0.0032,0.2561,0.6109,1]},
{"frame":171,"values":[1.6645,0,0,0,0,1.6643,-0.0238,0,0,-0.0238,-1.6643,0,0.0014,0.275,0.5968,1]},
{"frame":172,"values":[1.6645,0,0,0,0,1.6645,-0.0059,0,0,-0.0059,-1.6645,0,0.0003,0.2862,0.5807,1]},
{"frame":173,"values":[1.6645,0,0,0,0,1.6645,0,0,0,0,-1.6645,0,0,0.2898,0.5625,1]},
{"frame":174,"values":[1.6645,0.0008,0.0001,0,-0.0008,1.6644,-0.0155,0,0.0001,-0.0155,-1.6644,0,0.0125,0.2636,0.5379,1]},
{"frame":175,"values":[1.6645,0.0072,0.0006,0,-0.0072,1.6634,-0.0612,0,0.0009,-0.0612,-1.6634,0,0.0494,0.1826,0.503,1]},
{"frame":176,"values":[1.6643,0.0274,0.0018,0,-0.0272,1.6591,-0.1308,0,0.0039,-0.1308,-1.6593,0,0.1056,0.0506,0.4613,1]},
{"frame":177,"values":[1.663,0.0705,0.0028,0,-0.0695,1.6498,-0.2097,0,0.0117,-0.2094,-1.6512,0,0.1693,-0.1156,0.4195,1]},
{"frame":178,"values":[1.6584,0.1419,0.0027,0,-0.1394,1.635,-0.2791,0,0.0264,-0.2778,-1.6409,0,0.2256,-0.2897,0.3851,1]},
{"frame":179,"values":[1.6469,0.2411,0.0012,0,-0.2363,1.6153,-0.3248,0,0.0482,-0.3212,-1.6325,0,0.2625,-0.4474,0.3635,1]},
{"frame":180,"values":[1.6244,0.3632,0,0,-0.3555,1.5899,-0.3412,0,0.0744,-0.3329,-1.6292,0,0.2749,-0.5747,0.3564,1]},
{"frame":181,"values":[1.5681,0.5581,0.005,0,-0.5449,1.5341,-0.3467,0,0.1209,-0.325,-1.628,0,0.2676,-0.6948,0.3572,1]},
{"frame":182,"values":[1.425,0.86,0.0184,0,-0.836,1.3931,-0.3619,0,0.2023,-0.3006,-1.6246,0,0.2458,-0.829,0.3597,1]},
{"frame":183,"values":[1.1691,1.1843,0.0336,0,-1.1468,1.1431,-0.3856,0,0.2974,-0.2476,-1.6189,0,0.2125,-0.961,0.364,1]},
{"frame":184,"values":[0.8672,1.42,0.0445,0,-1.3711,0.8502,-0.4097,0,0.3722,-0.1768,-1.6127,0,0.1756,-1.0678,0.37,1]},
{"frame":185,"values":[0.6428,1.5345,0.051,0,-1.4796,0.6338,-0.424,0,0.4103,-0.1184,-1.6088,0,0.1439,-1.1332,0.3767,1]},
{"frame":186,"values":[0.5646,1.5648,0.0565,0,-1.5092,0.5598,-0.4237,0,0.4174,-0.0925,-1.6087,0,0.1224,-1.1539,0.3835,1]},
{"frame":187,"values":[0.5738,1.5612,0.0629,0,-1.5076,0.5709,-0.4144,0,0.4102,-0.0859,-1.6109,0,0.1072,-1.146,0.3908,1]},
{"frame":188,"values":[0.6032,1.5498,0.0705,0,-1.499,0.6017,-0.4017,0,0.3995,-0.0821,-1.6137,0,0.0927,-1.1219,0.3991,1]},
{"frame":189,"values":[0.6526,1.5292,0.079,0,-1.482,0.6524,-0.3856,0,0.3852,-0.0808,-1.6173,0,0.0791,-1.0817,0.4085,1]},
{"frame":190,"values":[0.7215,1.4974,0.088,0,-1.4544,0.7223,-0.3656,0,0.3671,-0.0815,-1.6215,0,0.0666,-1.0256,0.4188,1]},
{"frame":191,"values":[0.8083,1.4519,0.0967,0,-1.4136,0.8097,-0.3416,0,0.345,-0.0837,-1.6262,0,0.0551,-0.9543,0.4299,1]},
{"frame":192,"values":[0.9101,1.3898,0.1043,0,-1.3567,0.9119,-0.3137,0,0.3191,-0.0865,-1.6313,0,0.0448,-0.869,0.4419,1]},
{"frame":193,"values":[1.0225,1.3088,0.1098,0,-1.2811,1.0245,-0.2822,0,0.2895,-0.0888,-1.6367,0,0.0356,-0.7715,0.4543,1]},
{"frame":194,"values":[1.1396,1.208,0.1122,0,-1.1857,1.1416,-0.2478,0,0.2568,-0.0898,-1.6421,0,0.0276,-0.6641,0.4671,1]},
{"frame":195,"values":[1.2547,1.0881,0.1108,0,-1.0709,1.2565,-0.2118,0,0.2221,-0.0884,-1.6472,0,0.0209,-0.5499,0.48,1]},
{"frame":196,"values":[1.3609,0.9526,0.1052,0,-0.9401,1.3623,-0.1757,0,0.1866,-0.0842,-1.6519,0,0.0153,-0.4321,0.4928,1]},
{"frame":197,"values":[1.4525,0.8072,0.0957,0,-0.7985,1.4536,-0.1409,0,0.1519,-0.077,-1.6558,0,0.0108,-0.3143,0.505,1]},
{"frame":198,"values":[1.5263,0.6589,0.083,0,-0.6533,1.527,-0.1089,0,0.1193,-0.0673,-1.6588,0,0.0073,-0.2,0.5165,1]},
{"frame":199,"values":[1.5812,0.5154,0.0684,0,-0.512,1.5817,-0.0809,0,0.09,-0.0558,-1.6611,0,0.0047,-0.0927,0.527,1]},
{"frame":200,"values":[1.6189,0.3831,0.053,0,-0.3813,1.6192,-0.0573,0,0.0648,-0.0435,-1.6627,0,0.0028,0.0048,0.5364,1]},
{"frame":201,"values":[1.6425,0.2671,0.0383,0,-0.2662,1.6426,-0.0382,0,0.0439,-0.0316,-1.6636,0,0.0016,0.0901,0.5444,1]},
{"frame":202,"values":[1.6555,0.1706,0.0251,0,-0.1703,1.6556,-0.0235,0,0.0274,-0.0208,-1.6641,0,0.0008,0.1615,0.551,1]},
{"frame":203,"values":[1.6617,0.0955,0.0144,0,-0.0954,1.6617,-0.0127,0,0.0151,-0.0119,-1.6644,0,0.0003,0.2176,0.5561,1]},
{"frame":204,"values":[1.6639,0.0421,0.0064,0,-0.0421,1.664,-0.0055,0,0.0066,-0.0053,-1.6645,0,0.0001,0.2578,0.5597,1]},
{"frame":205,"values":[1.6645,0.0104,0.0016,0,-0.0104,1.6645,-0.0013,0,0.0016,-0.0013,-1.6645,0,0,0.2818,0.5618,1]}],"loopBehavior":1,"name":"anim","property":"_matrix"}},
{"name":"chest","index":1,"matrix":[0.9944,-0.0134,0.1051,0,-0.0029,0.9882,0.1529,0,-0.1059,-0.1523,0.9826,0,0,1.1741,0,1],"rest":[1,0,0,0,0,0.9856,0.169,0,0,-0.169,0.9856,0,0,1.1741,0,1],"parentBoneIndex":0,"length":1.091
,"animation":{"dataType":3,"framePerSecond":30,"keys":[
{"frame":87,"values":[0.9944,-0.0134,0.1051,0,-0.0029,0.9882,0.1529,0,-0.1059,-0.1523,0.9826,0,0,1.1741,0,1]},
{"frame":151,"values":[0.9947,-0.0138,0.1023,0,-0.0036,0.9859,0.1675,0,-0.1031,-0.167,0.9805,0,0,1.1741,0,1]},
{"frame":152,"values":[0.9955,-0.0147,0.0936,0,-0.0054,0.9774,0.2114,0,-0.0946,-0.2109,0.9729,0,0,1.1741,0,1]},
{"frame":153,"values":[0.9967,-0.0155,0.0795,0,-0.0075,0.9596,0.2814,0,-0.0806,-0.281,0.9563,0,0,1.1741,0,1]},
{"frame":154,"values":[0.998,-0.0149,0.0614,0,-0.0088,0.9295,0.3687,0,-0.0626,-0.3685,0.9275,0,0,1.1741,0,1]},
{"frame":155,"values":[0.999,-0.0125,0.042,0,-0.0083,0.8881,0.4597,0,-0.0431,-0.4596,0.8871,0,0,1.1741,0,1]},
{"frame":156,"values":[0.9997,-0.0085,0.0244,0,-0.006,0.8419,0.5397,0,-0.0251,-0.5396,0.8415,0,0,1.1741,0,1]},
{"frame":157,"values":[0.9999,-0.0042,0.0109,0,-0.0031,0.8008,0.599,0,-0.0112,-0.599,0.8007,0,0,1.1741,0,1]},
{"frame":158,"values":[1,-0.0011,0.0027,0,-0.0008,0.7732,0.6341,0,-0.0028,-0.6341,0.7732,0,0,1.1741,0,1]},
{"frame":159,"values":[1,0,0,0,0,0.7637,0.6455,0,0,-0.6455,0.7637,0,0,1.1741,0,1]},
{"frame":160,"values":[1,0,0,0,0,0.7816,0.6238,0,0,-0.6238,0.7816,0,0,1.1741,0,1]},
{"frame":161,"values":[1,0,0,0,0,0.8254,0.5645,0,0,-0.5645,0.8254,0,0,1.1741,0,1]},
{"frame":162,"values":[1,0,0,0,0,0.8647,0.5022,0,0,-0.5022,0.8647,0,0,1.1741,0,1]},
{"frame":163,"values":[1,0,0,0,0,0.8785,0.4777,0,0,-0.4777,0.8785,0,0,1.1741,0,1]},
{"frame":166,"values":[1,0,0,0,0,0.8784,0.4778,0,0,-0.4778,0.8784,0,0,1.1741,0,1]},
{"frame":167,"values":[1,0,0,0,0,0.8783,0.478,0,0,-0.478,0.8783,0,0,1.1741,0,1]},
{"frame":168,"values":[1,0,0,0,0,0.8781,0.4784,0,0,-0.4784,0.8781,0,0,1.1741,0,1]},
{"frame":169,"values":[1,0,0,0,0,0.8778,0.479,0,0,-0.479,0.8778,0,0,1.1741,0,1]},
{"frame":170,"values":[1,0,0,0,0,0.8774,0.4798,0,0,-0.4798,0.8774,0,0,1.1741,0,1]},
{"frame":171,"values":[1,0,0,0,0,0.8767,0.481,0,0,-0.481,0.8767,0,0,1.1741,0,1]},
{"frame":172,"values":[1,0,0,0,0,0.8759,0.4825,0,0,-0.4825,0.8759,0,0,1.1741,0,1]},
{"frame":173,"values":[1,0,0,0,0,0.8748,0.4845,0,0,-0.4845,0.8748,0,0,1.1741,0,1]},
{"frame":174,"values":[1,0,0,0,0,0.8735,0.4869,0,0,-0.4869,0.8735,0,0,1.1741,0,1]},
{"frame":175,"values":[1,0,0,0,0,0.8719,0.4897,0,0,-0.4897,0.8719,0,0,1.1741,0,1]},
{"frame":176,"values":[1,0,0,0,0,0.8701,0.4929,0,0,-0.4929,0.8701,0,0,1.1741,0,1]},
{"frame":177,"values":[1,0,0,0,0,0.868,0.4965,0,0,-0.4965,0.868,0,0,1.1741,0,1]},
{"frame":178,"values":[1,0,0,0,0,0.8657,0.5005,0,0,-0.5005,0.8657,0,0,1.1741,0,1]},
{"frame":179,"values":[1,0,0,0,0,0.8632,0.5048,0,0,-0.5048,0.8632,0,0,1.1741,0,1]},
{"frame":180,"values":[1,0,0,0,0,0.8605,0.5094,0,0,-0.5094,0.8605,0,0,1.1741,0,1]},
{"frame":181,"values":[1,-0.0004,-0.0025,0,0.0016,0.8548,0.5189,0,0.0019,-0.5189,0.8548,0,0,1.1741,0,1]},
{"frame":182,"values":[1,-0.0014,-0.0096,0,0.0064,0.8435,0.5372,0,0.0074,-0.5372,0.8434,0,0,1.1741,0,1]},
{"frame":183,"values":[0.9998,-0.0027,-0.02,0,0.0134,0.8281,0.5604,0,0.015,-0.5605,0.828,0,0,1.1741,0,1]},
{"frame":184,"values":[0.9995,-0.0037,-0.0304,0,0.0207,0.8129,0.582,0,0.0225,-0.5824,0.8126,0,0,1.1741,0,1]},
{"frame":185,"values":[0.9993,-0.0042,-0.0376,0,0.0258,0.8022,0.5964,0,0.0276,-0.597,0.8018,0,0,1.1741,0,1]},
{"frame":186,"values":[0.9992,-0.0043,-0.0401,0,0.0276,0.7986,0.6013,0,0.0294,-0.6019,0.798,0,0,1.1741,0,1]},
{"frame":205,"values":[0.9992,-0.0043,-0.0401,0,0.0276,0.7986,0.6013,0,0.0294,-0.6019,0.798,0,0,1.1741,0,1]}],"loopBehavior":1,"name":"anim","property":"_matrix"}},
{"name":"head","index":2,"matrix":[-0.9885,-0.0652,-0.1362,0,-0.0805,0.9907,0.1101,0,0.1277,0.1198,-0.9845,0,0,1.091,0,1],"rest":[-1,0,0,0,0,0.9138,0.4061,0,0,0.4061,-0.9138,0,0,1.091,0,1],"parentBoneIndex":1,"length":0.7385
,"animation":{"dataType":3,"framePerSecond":30,"keys":[
{"frame":87,"values":[-0.9885,-0.0652,-0.1362,0,-0.0805,0.9907,0.1101,0,0.1277,0.1198,-0.9845,0,0,1.091,0,1]},
{"frame":151,"values":[-0.9891,-0.0626,-0.133,0,-0.0793,0.9892,0.1237,0,0.1238,0.1329,-0.9834,0,0,1.091,0,1]},
{"frame":152,"values":[-0.9909,-0.055,-0.1232,0,-0.075,0.9835,0.1644,0,0.1122,0.1721,-0.9787,0,0,1.091,0,1]},
{"frame":153,"values":[-0.9933,-0.0436,-0.1068,0,-0.0672,0.971,0.2294,0,0.0937,0.2351,-0.9675,0,0,1.091,0,1]},
{"frame":154,"values":[-0.9959,-0.0305,-0.0847,0,-0.0555,0.9488,0.3108,0,0.0709,0.3143,-0.9467,0,0,1.091,0,1]},
{"frame":155,"values":[-0.998,-0.0185,-0.0597,0,-0.0407,0.9173,0.3961,0,0.0474,0.3978,-0.9163,0,0,1.091,0,1]},
{"frame":156,"values":[-0.9993,-0.0094,-0.0356,0,-0.0251,0.8813,0.4718,0,0.0269,0.4724,-0.881,0,0,1.091,0,1]},
{"frame":157,"values":[-0.9999,-0.0037,-0.0162,0,-0.0117,0.8489,0.5285,0,0.0118,0.5286,-0.8488,0,0,1.091,0,1]},
{"frame":158,"values":[-1,-0.0008,-0.0041,0,-0.003,0.8269,0.5623,0,0.0029,0.5624,-0.8269,0,0,1.091,0,1]},
{"frame":159,"values":[-1,0,0,0,0,0.8193,0.5734,0,0,0.5734,-0.8193,0,0,1.091,0,1]},
{"frame":164,"values":[-1,-0.0018,-0.0015,0,-0.0024,0.8186,0.5744,0,0.0002,0.5744,-0.8186,0,0,1.091,0,1]},
{"frame":165,"values":[-1,-0.0071,-0.006,0,-0.0093,0.8164,0.5774,0,0.0008,0.5775,-0.8164,0,0,1.091,0,1]},
{"frame":166,"values":[-0.9998,-0.0157,-0.0134,0,-0.0205,0.8127,0.5823,0,0.0018,0.5824,-0.8129,0,0,1.091,0,1]},
{"frame":167,"values":[-0.9994,-0.0272,-0.0235,0,-0.0358,0.8076,0.5887,0,0.0029,0.5892,-0.808,0,0,1.091,0,1]},
{"frame":168,"values":[-0.9985,-0.0414,-0.0361,0,-0.0548,0.8008,0.5964,0,0.0042,0.5974,-0.8019,0,0,1.091,0,1]},
{"frame":169,"values":[-0.997,-0.0579,-0.0511,0,-0.077,0.7925,0.605,0,0.0055,0.6071,-0.7946,0,0,1.091,0,1]},
{"frame":170,"values":[-0.9948,-0.0762,-0.0681,0,-0.102,0.7826,0.6141,0,0.0065,0.6179,-0.7863,0,0,1.091,0,1]},
{"frame":171,"values":[-0.9916,-0.0957,-0.0869,0,-0.1291,0.7711,0.6235,0,0.0073,0.6295,-0.777,0,0,1.091,0,1]},
{"frame":172,"values":[-0.9875,-0.1161,-0.1071,0,-0.1577,0.7581,0.6327,0,0.0077,0.6417,-0.7669,0,0,1.091,0,1]},
{"frame":173,"values":[-0.9823,-0.1367,-0.1282,0,-0.1873,0.7439,0.6415,0,0.0076,0.6541,-0.7563,0,0,1.091,0,1]},
{"frame":174,"values":[-0.9761,-0.1572,-0.1498,0,-0.2171,0.7287,0.6496,0,0.0071,0.6666,-0.7454,0,0,1.091,0,1]},
{"frame":175,"values":[-0.9691,-0.177,-0.1715,0,-0.2464,0.7127,0.6567,0,0.006,0.6787,-0.7344,0,0,1.091,0,1]},
{"frame":176,"values":[-0.9615,-0.1959,-0.1928,0,-0.2748,0.6964,0.6629,0,0.0044,0.6904,-0.7234,0,0,1.091,0,1]},
{"frame":177,"values":[-0.9534,-0.2134,-0.2134,0,-0.3017,0.6801,0.6681,0,0.0025,0.7014,-0.7128,0,0,1.091,0,1]},
{"frame":178,"values":[-0.9451,-0.2293,-0.2327,0,-0.3267,0.6643,0.6723,0,0.0004,0.7114,-0.7028,0,0,1.091,0,1]},
{"frame":179,"values":[-0.937,-0.2436,-0.2504,0,-0.3493,0.6493,0.6756,0,-0.0019,0.7205,-0.6935,0,0,1.091,0,1]},
{"frame":180,"values":[-0.9293,-0.2559,-0.2663,0,-0.3694,0.6355,0.678,0,-0.0043,0.7284,-0.6851,0,0,1.091,0,1]},
{"frame":181,"values":[-0.9222,-0.2664,-0.2802,0,-0.3866,0.6233,0.6798,0,-0.0065,0.7352,-0.6778,0,0,1.091,0,1]},
{"frame":182,"values":[-0.9161,-0.275,-0.2917,0,-0.4008,0.6129,0.681,0,-0.0085,0.7408,-0.6717,0,0,1.091,0,1]},
{"frame":183,"values":[-0.9111,-0.2816,-0.3008,0,-0.412,0.6045,0.6818,0,-0.0101,0.7451,-0.6668,0,0,1.091,0,1]},
{"frame":184,"values":[-0.9075,-0.2863,-0.3074,0,-0.42,0.5985,0.6823,0,-0.0114,0.7482,-0.6633,0,0,1.091,0,1]},
{"frame":185,"values":[-0.9052,-0.2892,-0.3114,0,-0.4248,0.5947,0.6825,0,-0.0122,0.7501,-0.6612,0,0,1.091,0,1]},
{"frame":186,"values":[-0.9044,-0.2901,-0.3127,0,-0.4264,0.5935,0.6826,0,-0.0124,0.7507,-0.6605,0,0,1.091,0,1]},
{"frame":205,"values":[-0.9044,-0.2901,-0.3127,0,-0.4264,0.5935,0.6826,0,-0.0124,0.7507,-0.6605,0,0,1.091,0,1]}],"loopBehavior":1,"name":"anim","property":"_matrix"}},
{"name":"L.arm IK","index":3,"matrix":[1.6645,0,0,0,0,0,1.6645,0,0,1.6645,0,0,2.6691,0.7752,-0.9662,1],"rest":[1.6645,0,0,0,0,0,1.6645,0,0,1.6645,0,0,5.2066,2.9583,-0.0363,1],"parentBoneIndex":-1,"length":0.5909
,"animation":{"dataType":3,"framePerSecond":30,"keys":[
{"frame":87,"values":[1.6645,0,0,0,0,0,1.6645,0,0,1.6645,0,0,2.6691,0.7752,-0.9662,1]},
{"frame":88,"values":[1.6645,0,0,0,0,0,1.6645,0,0,1.6645,0,0,2.6691,0.7487,-0.868,1]},
{"frame":89,"values":[1.6645,0,0,0,0,0,1.6645,0,0,1.6645,0,0,2.6691,0.6703,-0.5776,1]},
{"frame":90,"values":[1.6645,0,0,0,0,0,1.6645,0,0,1.6645,0,0,2.6691,0.5509,-0.1351,1]},
{"frame":91,"values":[1.6645,0,0,0,0,0,1.6645,0,0,1.6645,0,0,2.6691,0.4154,0.3669,1]},
{"frame":92,"values":[1.6645,0,0,0,0,0,1.6645,0,0,1.6645,0,0,2.6691,0.296,0.8094,1]},
{"frame":93,"values":[1.6645,0,0,0,0,0,1.6645,0,0,1.6645,0,0,2.6691,0.2176,1.0998,1]},
{"frame":94,"values":[1.6645,0,0,0,0,0,1.6645,0,0,1.6645,0,0,2.6691,0.1912,1.198,1]},
{"frame":95,"values":[1.6645,0,0,0,0,0,1.6645,0,0,1.6645,0,0,2.6715,0.1979,1.1618,1]},
{"frame":96,"values":[1.6645,0,0,0,0,0,1.6645,0,0,1.6645,0,0,2.6785,0.2182,1.0505,1]},
{"frame":97,"values":[1.6645,0,0,0,0,0,1.6645,0,0,1.6645,0,0,2.6897,0.2501,0.8681,1]},
{"frame":98,"values":[1.6645,0,0,0,0,0,1.6645,0,0,1.6645,0,0,2.7032,0.2889,0.6321,1]},
{"frame":99,"values":[1.6645,0,0,0,0,0,1.6645,0,0,1.6645,0,0,2.7167,0.3278,0.3731,1]},
{"frame":100,"values":[1.6645,0,0,0,0,0,1.6645,0,0,1.6645,0,0,2.7279,0.3596,0.1254,1]},
{"frame":101,"values":[1.6645,0,0,0,0,0,1.6645,0,0,1.6645,0,0,2.7349,0.3799,-0.085,1]},
{"frame":102,"values":[1.6645,0,0,0,0,0,1.6645,0,0,1.6645,0,0,2.7373,0.3867,-0.2447,1]},
{"frame":103,"values":[1.6645,0,0,0,0,0,1.6645,0,0,1.6645,0,0,2.7302,0.374,-0.3779,1]},
{"frame":104,"values":[1.6645,0,0,0,0,0,1.6645,0,0,1.6645,0,0,2.7089,0.3361,-0.5093,1]},
{"frame":105,"values":[1.6645,0,0,0,0,0,1.6645,0,0,1.6645,0,0,2.6754,0.2765,-0.6327,1]},
{"frame":106,"values":[1.6645,0,0,0,0,0,1.6645,0,0,1.6645,0,0,2.6346,0.2039,-0.7402,1]},
{"frame":107,"values":[1.6645,0,0,0,0,0,1.6645,0,0,1.6645,0,0,2.5938,0.1312,-0.8248,1]},
{"frame":108,"values":[1.6645,0,0,0,0,0,1.6645,0,0,1.6645,0,0,2.5603,0.0716,-0.8828,1]},
{"frame":109,"values":[1.6645,0,0,0,0,0,1.6645,0,0,1.6645,0,0,2.539,0.0338,-0.9151,1]},
{"frame":110,"values":[1.6645,0,0,0,0,0,1.6645,0,0,1.6645,0,0,2.5319,0.0211,-0.9249,1]},
{"frame":111,"values":[1.6645,0,0,0,0,0,1.6645,0,0,1.6645,0,0,2.5337,0.0338,-0.9088,1]},
{"frame":112,"values":[1.6645,0,0,0,0,0,1.6645,0,0,1.6645,0,0,2.5392,0.0717,-0.8577,1]},
{"frame":113,"values":[1.6645,0,0,0,0,0,1.6645,0,0,1.6645,0,0,2.5484,0.1315,-0.7701,1]},
{"frame":114,"values":[1.6645,0,0,0,0,0,1.6645,0,0,1.6645,0,0,2.5605,0.2042,-0.6494,1]},
{"frame":115,"values":[1.6645,0,0,0,0,0,1.6645,0,0,1.6645,0,0,2.5741,0.277,-0.5059,1]},
{"frame":116,"values":[1.6645,0,0,0,0,0,1.6645,0,0,1.6645,0,0,2.5875,0.3367,-0.3529,1]},
{"frame":117,"values":[1.6645,0,0,0,0,0,1.6645,0,0,1.6645,0,0,2.5994,0.3747,-0.2027,1]},
{"frame":118,"values":[1.6645,0,0,0,0,0,1.6645,0,0,1.6645,0,0,2.6092,0.3874,-0.0632,1]},
{"frame":119,"values":[1.6645,0,0,0,0,0,1.6645,0,0,1.6645,0,0,2.6184,0.3806,0.0902,1]},
{"frame":120,"values":[1.6645,0,0,0,0,0,1.6645,0,0,1.6645,0,0,2.6285,0.3603,0.2818,1]},
{"frame":121,"values":[1.6645,0,0,0,0,0,1.6645,0,0,1.6645,0,0,2.6391,0.3283,0.4999,1]},
{"frame":122,"values":[1.6645,0,0,0,0,0,1.6645,0,0,1.6645,0,0,2.6492,0.2893,0.7228,1]},
{"frame":123,"values":[1.6645,0,0,0,0,0,1.6645,0,0,1.6645,0,0,2.6578,0.2503,0.9228,1]},
{"frame":124,"values":[1.6645,0,0,0,0,0,1.6645,0,0,1.6645,0,0,2.6642,0.2183,1.0756,1]},
{"frame":125,"values":[1.6645,0,0,0,0,0,1.6645,0,0,1.6645,0,0,2.6679,0.198,1.1681,1]},
{"frame":126,"values":[1.6645,0,0,0,0,0,1.6645,0,0,1.6645,0,0,2.6691,0.1912,1.198,1]},
{"frame":127,"values":[1.6645,0,0,0,0,0,1.6645,0,0,1.6645,0,0,2.6691,0.2114,1.1229,1]},
{"frame":128,"values":[1.6645,0,0,0,0,0,1.6645,0,0,1.6645,0,0,2.6691,0.2719,0.8987,1]},
{"frame":129,"values":[1.6645,0,0,0,0,0,1.6645,0,0,1.6645,0,0,2.6691,0.3671,0.5458,1]},
{"frame":130,"values":[1.6645,0,0,0,0,0,1.6645,0,0,1.6645,0,0,2.6691,0.4832,0.1159,1]},
{"frame":131,"values":[1.6645,0,0,0,0,0,1.6645,0,0,1.6645,0,0,2.6691,0.5992,-0.314,1]},
{"frame":132,"values":[1.6645,0,0,0,0,0,1.6645,0,0,1.6645,0,0,2.6691,0.6944,-0.6669,1]},
{"frame":133,"values":[1.6645,0,0,0,0,0,1.6645,0,0,1.6645,0,0,2.6691,0.7549,-0.8911,1]},
{"frame":134,"values":[1.6645,0,0,0,0,0,1.6645,0,0,1.6645,0,0,2.6691,0.7752,-0.9662,1]},
{"frame":135,"values":[1.6645,0,0,0,0,0,1.6645,0,0,1.6645,0,0,2.6731,0.7603,-0.9342,1]},
{"frame":136,"values":[1.6645,0,0,0,0,0,1.6645,0,0,1.6645,0,0,2.6859,0.716,-0.8351,1]},
{"frame":137,"values":[1.6645,0,0,0,0,0,1.6645,0,0,1.6645,0,0,2.7075,0.6462,-0.6699,1]},
{"frame":138,"values":[1.6645,0,0,0,0,0,1.6645,0,0,1.6645,0,0,2.7371,0.5611,-0.4516,1]},
{"frame":139,"values":[1.6645,0,0,0,0,0,1.6645,0,0,1.6645,0,0,2.7719,0.4761,-0.2048,1]},
{"frame":140,"values":[1.6645,0,0,0,0,0,1.6645,0,0,1.6645,0,0,2.8085,0.4063,0.0414,1]},
{"frame":141,"values":[1.6645,0,0,0,0,0,1.6645,0,0,1.6645,0,0,2.8439,0.3619,0.2637,1]},
{"frame":142,"values":[1.6645,0,0,0,0,0,1.6645,0,0,1.6645,0,0,2.8761,0.3471,0.4489,1]},
{"frame":143,"values":[1.6645,0,0,0,0,0,1.6645,0,0,1.6645,0,0,2.9107,0.3493,0.6274,1]},
{"frame":144,"values":[1.6645,0,0,0,0,0,1.6645,0,0,1.6645,0,0,2.9534,0.3563,0.8295,1]},
{"frame":145,"values":[1.6645,0,0,0,0,0,1.6645,0,0,1.6645,0,0,3.0015,0.3681,1.0439,1]},
{"frame":146,"values":[1.6645,0,0,0,0,0,1.6645,0,0,1.6645,0,0,3.0503,0.3839,1.2521,1]},
{"frame":147,"values":[1.6645,0,0,0,0,0,1.6645,0,0,1.6645,0,0,3.0939,0.402,1.4318,1]},
{"frame":148,"values":[1.6645,0,0,0,0,0,1.6645,0,0,1.6645,0,0,3.1271,0.4205,1.5652,1]},
{"frame":149,"values":[1.6645,0,0,0,0,0,1.6645,0,0,1.6645,0,0,3.1471,0.4377,1.6442,1]},
{"frame":150,"values":[1.6645,0,0,0,0,0,1.6645,0,0,1.6645,0,0,3.1536,0.4526,1.6694,1]},
{"frame":151,"values":[1.6645,0,0,0,0,0,1.6645,0,0,1.6645,0,0,3.1516,0.4667,1.6584,1]},
{"frame":152,"values":[1.6645,0,0,0,0,0,1.6645,0,0,1.6645,0,0,3.1455,0.4819,1.6252,1]},
{"frame":153,"values":[1.6645,0,0,0,0,0,1.6645,0,0,1.6645,0,0,3.1353,0.4982,1.5698,1]},
{"frame":154,"values":[1.6645,0,0,0,0,0,1.6645,0,0,1.6645,0,0,3.121,0.5154,1.4921,1]},
{"frame":155,"values":[1.6645,0,0,0,0,0,1.6645,0,0,1.6645,0,0,3.1028,0.5334,1.3929,1]},
{"frame":156,"values":[1.6645,0,0,0,0,0,1.6645,0,0,1.6645,0,0,3.0807,0.5522,1.2731,1]},
{"frame":157,"values":[1.6645,0,0,0,0,0,1.6645,0,0,1.6645,0,0,3.0553,0.5716,1.1345,1]},
{"frame":158,"values":[1.6645,0,0,0,0,0,1.6645,0,0,1.6645,0,0,3.0267,0.5913,0.9793,1]},
{"frame":159,"values":[1.6645,0,0,0,0,0,1.6645,0,0,1.6645,0,0,2.9957,0.6112,0.8104,1]},
{"frame":160,"values":[1.6645,0,0,0,0,0,1.6645,0,0,1.6645,0,0,2.9627,0.6309,0.6311,1]},
{"frame":161,"values":[1.6645,0,0,0,0,0,1.6645,0,0,1.6645,0,0,2.9286,0.6503,0.4455,1]},
{"frame":162,"values":[1.6645,0,0,0,0,0,1.6645,0,0,1.6645,0,0,2.8941,0.6689,0.2577,1]},
{"frame":163,"values":[1.6645,0,0,0,0,0,1.6645,0,0,1.6645,0,0,2.86,0.6866,0.072,1]},
{"frame":164,"values":[1.6645,0,0,0,0,0,1.6645,0,0,1.6645,0,0,2.827,0.703,-0.1072,1]},
{"frame":165,"values":[1.6645,0,0,0,0,0,1.6645,0,0,1.6645,0,0,2.7959,0.7181,-0.2762,1]},
{"frame":166,"values":[1.6645,0,0,0,0,0,1.6645,0,0,1.6645,0,0,2.7674,0.7315,-0.4314,1]},
{"frame":167,"values":[1.6645,0,0,0,0,0,1.6645,0,0,1.6645,0,0,2.7419,0.7432,-0.57,1]},
{"frame":168,"values":[1.6645,0,0,0,0,0,1.6645,0,0,1.6645,0,0,2.7199,0.7531,-0.6897,1]},
{"frame":169,"values":[1.6645,0,0,0,0,0,1.6645,0,0,1.6645,0,0,2.7017,0.7612,-0.7889,1]},
{"frame":170,"values":[1.6645,0,0,0,0,0,1.6645,0,0,1.6645,0,0,2.6874,0.7674,-0.8666,1]},
{"frame":171,"values":[1.6645,0,0,0,0,0,1.6645,0,0,1.6645,0,0,2.6772,0.7717,-0.9221,1]},
{"frame":172,"values":[1.6645,0,0,0,0,0,1.6645,0,0,1.6645,0,0,2.6711,0.7743,-0.9552,1]},
{"frame":173,"values":[1.6645,0,0,0,0,0,1.6645,0,0,1.6645,0,0,2.6691,0.7752,-0.9662,1]},
{"frame":174,"values":[1.6645,0,0,0,0,0,1.6645,0,0,1.6645,0,0,2.6691,0.7454,-0.9662,1]},
{"frame":175,"values":[1.6645,0,0,0,0,0,1.6645,0,0,1.6645,0,0,2.6691,0.6572,-0.9662,1]},
{"frame":176,"values":[1.6645,0,0,0,0,0,1.6645,0,0,1.6645,0,0,2.6691,0.5229,-0.9662,1]},
{"frame":177,"values":[1.6645,0,0,0,0,0,1.6645,0,0,1.6645,0,0,2.6691,0.3705,-0.9662,1]},
{"frame":178,"values":[1.6645,0,0,0,0,0,1.6645,0,0,1.6645,0,0,2.6691,0.2362,-0.9662,1]},
{"frame":179,"values":[1.6645,0,0,0,0,0,1.6645,0,0,1.6645,0,0,2.6691,0.148,-0.9662,1]},
{"frame":180,"values":[1.6645,0,0,0,0,0,1.6645,0,0,1.6645,0,0,2.6691,0.1182,-0.9662,1]},
{"frame":181,"values":[1.6615,0.1003,0.0061,0,-0.0062,0.0015,1.6645,0,-0.1003,1.6615,-0.0019,0,2.5409,0.2119,-0.9581,1]},
{"frame":182,"values":[1.6166,0.3958,0.0234,0,-0.025,0.0037,1.6643,0,-0.3957,1.6167,-0.0095,0,2.1677,0.4844,-0.9346,1]},
{"frame":183,"values":[1.4555,0.8062,0.0458,0,-0.0527,0.0007,1.6637,0,-0.8058,1.4562,-0.0261,0,1.6313,0.8762,-0.9008,1]},
{"frame":184,"values":[1.1921,1.1599,0.063,0,-0.0787,-0.0095,1.6626,0,-1.159,1.1937,-0.048,0,1.0949,1.268,-0.867,1]},
{"frame":185,"values":[0.9647,1.3546,0.0712,0,-0.0943,-0.0201,1.6617,0,-1.3532,0.9671,-0.0651,0,0.7217,1.5405,-0.8435,1]},
{"frame":186,"values":[0.8811,1.4103,0.0732,0,-0.0991,-0.0243,1.6614,0,-1.4087,0.8838,-0.0711,0,0.5935,1.6341,-0.8354,1]},
{"frame":187,"values":[0.8886,1.4056,0.073,0,-0.0987,-0.0239,1.6614,0,-1.404,0.8913,-0.0706,0,0.6049,1.6294,-0.8362,1]},
{"frame":188,"values":[0.9113,1.391,0.0725,0,-0.0974,-0.0228,1.6615,0,-1.3894,0.9139,-0.069,0,0.6395,1.6151,-0.8383,1]},
{"frame":189,"values":[0.9489,1.3656,0.0716,0,-0.0953,-0.0209,1.6616,0,-1.3642,0.9514,-0.0662,0,0.6973,1.5912,-0.842,1]},
{"frame":190,"values":[1.0006,1.3283,0.0702,0,-0.0921,-0.0184,1.6618,0,-1.3269,1.0029,-0.0625,0,0.778,1.5578,-0.8471,1]},
{"frame":191,"values":[1.0648,1.2775,0.0681,0,-0.088,-0.0153,1.6621,0,-1.2763,1.0669,-0.0577,0,0.8805,1.5154,-0.8535,1]},
{"frame":192,"values":[1.1389,1.2121,0.0653,0,-0.0827,-0.0119,1.6624,0,-1.211,1.1407,-0.0521,0,1.0031,1.4646,-0.8613,1]},
{"frame":193,"values":[1.2194,1.1313,0.0617,0,-0.0765,-0.0083,1.6627,0,-1.1304,1.2209,-0.0459,0,1.1433,1.4066,-0.8701,1]},
{"frame":194,"values":[1.3021,1.0353,0.0573,0,-0.0693,-0.0049,1.663,0,-1.0346,1.3033,-0.0393,0,1.2977,1.3427,-0.8798,1]},
{"frame":195,"values":[1.3822,0.9259,0.0519,0,-0.0612,-0.0018,1.6634,0,-0.9253,1.3832,-0.0326,0,1.4619,1.2747,-0.8902,1]},
{"frame":196,"values":[1.4555,0.8062,0.0458,0,-0.0527,0.0007,1.6637,0,-0.8058,1.4562,-0.0261,0,1.6313,1.2046,-0.9008,1]},
{"frame":197,"values":[1.5184,0.6807,0.0392,0,-0.044,0.0024,1.6639,0,-0.6804,1.5189,-0.0202,0,1.8007,1.1345,-0.9115,1]},
{"frame":198,"values":[1.5689,0.5549,0.0323,0,-0.0355,0.0034,1.6641,0,-0.5547,1.5693,-0.015,0,1.9649,1.0666,-0.9218,1]},
{"frame":199,"values":[1.6067,0.4341,0.0256,0,-0.0275,0.0037,1.6643,0,-0.434,1.6069,-0.0107,0,2.1192,1.0027,-0.9316,1]},
{"frame":200,"values":[1.6327,0.3232,0.0192,0,-0.0203,0.0034,1.6644,0,-0.3231,1.6328,-0.0073,0,2.2594,0.9447,-0.9404,1]},
{"frame":201,"values":[1.649,0.2258,0.0135,0,-0.0141,0.0028,1.6644,0,-0.2258,1.6491,-0.0047,0,2.3821,0.8939,-0.9481,1]},
{"frame":202,"values":[1.6582,0.1446,0.0087,0,-0.0089,0.002,1.6645,0,-0.1446,1.6582,-0.0028,0,2.4846,0.8515,-0.9546,1]},
{"frame":203,"values":[1.6625,0.0811,0.0049,0,-0.005,0.0012,1.6645,0,-0.0811,1.6625,-0.0015,0,2.5653,0.8181,-0.9597,1]},
{"frame":204,"values":[1.6641,0.0358,0.0022,0,-0.0022,0.0006,1.6645,0,-0.0358,1.6641,-0.0006,0,2.6231,0.7942,-0.9633,1]},
{"frame":205,"values":[1.6645,0.0089,0.0005,0,-0.0005,0.0001,1.6645,0,-0.0089,1.6645,-0.0001,0,2.6577,0.7799,-0.9655,1]}],"loopBehavior":1,"name":"anim","property":"_matrix"}},
{"name":"L.foot IK","index":4,"matrix":[1.6645,0,0,0,0,0,1.6645,0,0,1.6645,0,0,1.0666,-2.5985,0.5682,1],"rest":[1.6645,0,0,0,0,0,1.6645,0,0,1.6645,0,0,1.2797,-2.5985,0.5682,1],"parentBoneIndex":-1,"length":0.6315
,"animation":{"dataType":3,"framePerSecond":30,"keys":[
{"frame":87,"values":[1.6645,0,0,0,0,0,1.6645,0,0,1.6645,0,0,1.0666,-2.5985,0.5682,1]},
{"frame":88,"values":[1.6645,0,0,0,0,0,1.6645,0,0,1.6645,0,0,1.0666,-2.61,0.524,1]},
{"frame":89,"values":[1.6645,0,0,0,0,0,1.6645,0,0,1.6645,0,0,1.0666,-2.6441,0.3932,1]},
{"frame":90,"values":[1.6645,0,0,0,0,0,1.6645,0,0,1.6645,0,0,1.0666,-2.696,0.194,1]},
{"frame":91,"values":[1.6645,0,0,0,0,0,1.6645,0,0,1.6645,0,0,1.0666,-2.7549,-0.0321,1]},
{"frame":92,"values":[1.6645,0,0,0,0,0,1.6645,0,0,1.6645,0,0,1.0666,-2.8068,-0.2313,1]},
{"frame":93,"values":[1.6645,0,0,0,0,0,1.6645,0,0,1.6645,0,0,1.0666,-2.8409,-0.3621,1]},
{"frame":94,"values":[1.6645,0,0,0,0,0,1.6645,0,0,1.6645,0,0,1.0666,-2.8524,-0.4063,1]},
{"frame":95,"values":[1.6645,0,0,0,0,0,1.6645,0,0,1.6645,0,0,1.0666,-2.8462,-0.3877,1]},
{"frame":96,"values":[1.6645,0,0,0,0,0,1.6645,0,0,1.6645,0,0,1.0666,-2.827,-0.329,1]},
{"frame":97,"values":[1.6645,0,0,0,0,0,1.6645,0,0,1.6645,0,0,1.0666,-2.7949,-0.2288,1]},
{"frame":98,"values":[1.6645,0,0,0,0,0,1.6645,0,0,1.6645,0,0,1.0666,-2.7524,-0.092,1]},
{"frame":99,"values":[1.6645,0,0,0,0,0,1.6645,0,0,1.6645,0,0,1.0666,-2.7043,0.069,1]},
{"frame":100,"values":[1.6645,0,0,0,0,0,1.6645,0,0,1.6645,0,0,1.0666,-2.6562,0.2384,1]},
{"frame":101,"values":[1.6645,0,0,0,0,0,1.6645,0,0,1.6645,0,0,1.0666,-2.6127,0.4023,1]},
{"frame":102,"values":[1.6645,0,0,0,0,0,1.6645,0,0,1.6645,0,0,1.0666,-2.5762,0.5518,1]},
{"frame":103,"values":[1.6645,0,0,0,0,0,1.6645,0,0,1.6645,0,0,1.0656,-2.5449,0.7129,1]},
{"frame":104,"values":[1.6645,0,0,0,0,0,1.6645,0,0,1.6645,0,0,1.0626,-2.5161,0.9114,1]},
{"frame":105,"values":[1.6645,0,0,0,0,0,1.6645,0,0,1.6645,0,0,1.058,-2.4891,1.1354,1]},
{"frame":106,"values":[1.6645,0,0,0,0,0,1.6645,0,0,1.6645,0,0,1.0524,-2.4625,1.3629,1]},
{"frame":107,"values":[1.6645,0,0,0,0,0,1.6645,0,0,1.6645,0,0,1.0467,-2.4346,1.5661,1]},
{"frame":108,"values":[1.6645,0,0,0,0,0,1.6645,0,0,1.6645,0,0,1.0421,-2.4039,1.7209,1]},
{"frame":109,"values":[1.6645,0,0,0,0,0,1.6645,0,0,1.6645,0,0,1.0391,-2.3695,1.8143,1]},
{"frame":110,"values":[1.6645,0,0,0,0,0,1.6645,0,0,1.6645,0,0,1.0382,-2.3314,1.8445,1]},
{"frame":111,"values":[1.6645,0,0,0,0,0,1.6645,0,0,1.6645,0,0,1.0382,-2.2846,1.844,1]},
{"frame":112,"values":[1.6645,0,0,0,0,0,1.6645,0,0,1.6645,0,0,1.0382,-2.2253,1.8403,1]},
{"frame":113,"values":[1.6645,0,0,0,0,0,1.6645,0,0,1.6645,0,0,1.0382,-2.1572,1.8287,1]},
{"frame":114,"values":[1.6645,0,0,0,0,0,1.6645,0,0,1.6645,0,0,1.0382,-2.087,1.8037,1]},
{"frame":115,"values":[1.6645,0,0,0,0,0,1.6645,0,0,1.6645,0,0,1.0382,-2.0238,1.7606,1]},
{"frame":116,"values":[1.6645,0,0,0,0,0,1.6645,0,0,1.6645,0,0,1.0382,-1.9753,1.6976,1]},
{"frame":117,"values":[1.6645,0,0,0,0,0,1.6645,0,0,1.6645,0,0,1.0382,-1.9459,1.6158,1]},
{"frame":118,"values":[1.6645,0,0,0,0,0,1.6645,0,0,1.6645,0,0,1.0382,-1.9363,1.5181,1]},
{"frame":119,"values":[1.6645,0,0,0,0,0,1.6645,0,0,1.6645,0,0,1.0391,-1.9681,1.365,1]},
{"frame":120,"values":[1.6645,0,0,0,0,0,1.6645,0,0,1.6645,0,0,1.0421,-2.063,1.1177,1]},
{"frame":121,"values":[1.6645,0,0,0,0,0,1.6645,0,0,1.6645,0,0,1.0467,-2.2124,0.7941,1]},
{"frame":122,"values":[1.6645,0,0,0,0,0,1.6645,0,0,1.6645,0,0,1.0524,-2.3944,0.4335,1]},
{"frame":123,"values":[1.6645,0,0,0,0,0,1.6645,0,0,1.6645,0,0,1.058,-2.5764,0.0911,1]},
{"frame":124,"values":[1.6645,0,0,0,0,0,1.6645,0,0,1.6645,0,0,1.0626,-2.7257,-0.1812,1]},
{"frame":125,"values":[1.6645,0,0,0,0,0,1.6645,0,0,1.6645,0,0,1.0656,-2.8206,-0.3504,1]},
{"frame":126,"values":[1.6645,0,0,0,0,0,1.6645,0,0,1.6645,0,0,1.0666,-2.8524,-0.4063,1]},
{"frame":127,"values":[1.6645,0,0,0,0,0,1.6645,0,0,1.6645,0,0,1.0666,-2.8436,-0.3725,1]},
{"frame":128,"values":[1.6645,0,0,0,0,0,1.6645,0,0,1.6645,0,0,1.0666,-2.8173,-0.2715,1]},
{"frame":129,"values":[1.6645,0,0,0,0,0,1.6645,0,0,1.6645,0,0,1.0666,-2.7759,-0.1126,1]},
{"frame":130,"values":[1.6645,0,0,0,0,0,1.6645,0,0,1.6645,0,0,1.0666,-2.7255,0.081,1]},
{"frame":131,"values":[1.6645,0,0,0,0,0,1.6645,0,0,1.6645,0,0,1.0666,-2.675,0.2745,1]},
{"frame":132,"values":[1.6645,0,0,0,0,0,1.6645,0,0,1.6645,0,0,1.0666,-2.6336,0.4335,1]},
{"frame":133,"values":[1.6645,0,0,0,0,0,1.6645,0,0,1.6645,0,0,1.0666,-2.6073,0.5344,1]},
{"frame":134,"values":[1.6645,0,0,0,0,0,1.6645,0,0,1.6645,0,0,1.0666,-2.5985,0.5682,1]},
{"frame":135,"values":[1.6645,0,0,0,0,0,1.6645,0,0,1.6645,0,0,1.0666,-2.6031,0.5369,1]},
{"frame":136,"values":[1.6645,0,0,0,0,0,1.6645,0,0,1.6645,0,0,1.0666,-2.6167,0.4429,1]},
{"frame":137,"values":[1.6645,0,0,0,0,0,1.6645,0,0,1.6645,0,0,1.0666,-2.6382,0.2938,1]},
{"frame":138,"values":[1.6645,0,0,0,0,0,1.6645,0,0,1.6645,0,0,1.0666,-2.6644,0.11,1]},
{"frame":139,"values":[1.6645,0,0,0,0,0,1.6645,0,0,1.6645,0,0,1.0666,-2.6905,-0.0775,1]},
{"frame":140,"values":[1.6645,0,0,0,0,0,1.6645,0,0,1.6645,0,0,1.0666,-2.712,-0.237,1]},
{"frame":141,"values":[1.6645,0,0,0,0,0,1.6645,0,0,1.6645,0,0,1.0666,-2.7257,-0.3467,1]},
{"frame":142,"values":[1.6645,0,0,0,0,0,1.6645,0,0,1.6645,0,0,1.0666,-2.7302,-0.3977,1]},
{"frame":143,"values":[1.6645,0,0,0,0,0,1.6645,0,0,1.6645,0,0,1.0666,-2.7302,-0.4174,1]},
{"frame":144,"values":[1.6645,0,0,0,0,0,1.6645,0,0,1.6645,0,0,1.0666,-2.7302,-0.4339,1]},
{"frame":145,"values":[1.6645,0,0,0,0,0,1.6645,0,0,1.6645,0,0,1.0666,-2.7302,-0.4466,1]},
{"frame":146,"values":[1.6645,0,0,0,0,0,1.6645,0,0,1.6645,0,0,1.0666,-2.7302,-0.4553,1]},
{"frame":147,"values":[1.6645,0,0,0,0,0,1.6645,0,0,1.6645,0,0,1.0666,-2.7302,-0.4603,1]},
{"frame":148,"values":[1.6645,0,0,0,0,0,1.6645,0,0,1.6645,0,0,1.0666,-2.7302,-0.4627,1]},
{"frame":149,"values":[1.6645,0,0,0,0,0,1.6645,0,0,1.6645,0,0,1.0666,-2.7302,-0.4634,1]},
{"frame":150,"values":[1.6645,0,0,0,0,0,1.6645,0,0,1.6645,0,0,1.0666,-2.7302,-0.4635,1]},
{"frame":152,"values":[1.6645,0,0,0,0,0,1.6645,0,0,1.6645,0,0,1.0666,-2.7302,-0.463,1]},
{"frame":153,"values":[1.6645,0,0,0,0,0,1.6645,0,0,1.6645,0,0,1.0666,-2.73,-0.4619,1]},
{"frame":154,"values":[1.6645,0,0,0,0,0,1.6645,0,0,1.6645,0,0,1.0666,-2.7297,-0.4594,1]},
{"frame":155,"values":[1.6645,0,0,0,0,0,1.6645,0,0,1.6645,0,0,1.0666,-2.7292,-0.4551,1]},
